       pos      val_A      val_C      val_G      val_T
         0  -0.011186   0.084225  -0.022255  -0.050784
         1   0.016236  -0.048589   0.100025  -0.067672
         2   0.093267   0.014079  -0.266162   0.158815
         3   0.081830  -0.091552   0.042919  -0.033197
         4   0.169104  -0.037715  -0.248095   0.116706
         5  -0.052629   0.072491   0.083704  -0.103566
         6   0.120762   0.040935  -0.166411   0.004714
         7  -0.085263   0.012493   0.086757  -0.013987
         8   0.037322  -0.215944   0.109716   0.068905
         9  -0.098173   0.075351  -0.078216   0.101038
        10   0.120124  -0.129355   0.119731  -0.110500
        11   0.114523   0.006217   0.073193  -0.193933
        12   0.104010   0.095076  -0.095817  -0.103269
        13  -0.240698   0.182090  -0.056700   0.115308
        14   0.191181  -0.336526   0.027298   0.118048
        15  -0.047307   0.082619  -0.349769   0.314457
        16   0.044140   0.047064   0.157561  -0.248765
        17  -0.047649  -0.097024   0.030721   0.113951
        18  -0.190179   0.055589   0.084241   0.050349
        19  -0.049179   0.095051  -0.127992   0.082119
        20   0.177347  -0.104643   0.049228  -0.121932
        21  -0.057356   0.029686  -0.057095   0.084764
        22  -0.001096  -0.031792  -0.074441   0.107329
        23  -0.072329   0.020536   0.024408   0.027386
        24  -0.029355  -0.004595   0.043451  -0.009501
        25   0.038762   0.045505  -0.039905  -0.044362
        26  -0.040659   0.014152   0.075913  -0.049406
        27   0.015044   0.010990   0.016753  -0.042788
        28   0.032735  -0.030450   0.031548  -0.033832
        29   0.065795  -0.030898   0.038323  -0.073219
        30  -0.116591   0.021544   0.035932   0.059115
        31   0.066006  -0.088249   0.074098  -0.051856
        32  -0.118794   0.158429  -0.009443  -0.030192
        33   0.048633  -0.109060   0.124805  -0.064378
        34   0.049878   0.082444   0.036469  -0.168791
        35  -0.212579   0.011807   0.078287   0.122484
        36  -0.144369   0.129598  -0.022373   0.037143
        37   0.059124  -0.210663   0.101217   0.050322
        38   0.078465   0.029211  -0.264547   0.156871
        39   0.091567   0.120381   0.106244  -0.318193
        40  -0.015410  -0.247929   0.113117   0.150221
        41  -0.286032   0.007685   0.153868   0.124479
        42   0.167488  -0.021394  -0.077671  -0.068423
        43   0.044968  -0.061190   0.014732   0.001491
        44   0.058471  -0.015405  -0.002094  -0.040972
        45  -0.001278   0.062146  -0.157275   0.096407
        46   0.147598  -0.126385  -0.017707  -0.003506
        47   0.143855   0.031051   0.147892  -0.322799
        48   0.207836   0.196129  -0.320015  -0.083949
        49  -0.416061   0.238657   0.010131   0.167273
        50   0.277953  -0.476436   0.103181   0.095302
        51   0.184403   0.044679  -0.513525   0.284442
        52   0.089108  -0.063760   0.165657  -0.191005
        53  -0.061265  -0.026925   0.031083   0.057108
        54   0.070569   0.060982  -0.006541  -0.125010
        55   0.013921   0.090143  -0.071294  -0.032770
        56   0.049122   0.045152   0.094496  -0.188770
        57   0.029382  -0.020292  -0.053575   0.044485
        58   0.011575   0.067063   0.014158  -0.092795
        59   0.087967  -0.194341   0.064538   0.041836
        60  -0.031638  -0.059081   0.127505  -0.036787
        61  -0.015720  -0.039460   0.061509  -0.006329
        62   0.074163   0.057246  -0.139337   0.007928
        63   0.040419   0.083784  -0.074632  -0.049571
        64   0.034580   0.110152  -0.162013   0.017281
        65  -0.055517  -0.005250  -0.061041   0.121807
        66  -0.049010   0.077861  -0.067690   0.038838
        67  -0.195425   0.156602   0.015214   0.023609
        68   0.152414  -0.136443   0.163520  -0.179491
        69   0.155398   0.090372   0.191938  -0.437708
        70   0.331926   0.236896  -0.387744  -0.181077
        71  -0.575574   0.306929   0.048678   0.219967
        72   0.354491  -0.770742   0.200023   0.216227
        73   0.155923   0.233752  -0.721760   0.332085
        74   0.114764   0.111181   0.325794  -0.551738
        75  -0.116641  -0.390331   0.245116   0.261856
        76  -0.473812   0.159560   0.142494   0.171758
        77  -0.233077   0.255182  -0.145555   0.123450
        78   0.073990   0.051082   0.148182  -0.273253
        79   0.022588   0.024131  -0.051615   0.004897
        80  -0.001614   0.020425  -0.060213   0.041402
        81   0.015090   0.006159  -0.060596   0.039347
        82   0.018528  -0.028338  -0.007176   0.016985
        83  -0.006088  -0.027834   0.041299  -0.007377
        84   0.101027   0.032827  -0.173838   0.039984
        85  -0.007067   0.012960  -0.025071   0.019178
        86  -0.032312  -0.003201   0.046280  -0.010767
