       pos      val_A      val_C      val_G      val_T
         0  -0.011186   0.084225  -0.022254  -0.050785
         1   0.016237  -0.048591   0.100025  -0.067671
         2   0.093266   0.014080  -0.266161   0.158815
         3   0.081831  -0.091552   0.042917  -0.033196
         4   0.169103  -0.037715  -0.248096   0.116707
         5  -0.052628   0.072491   0.083703  -0.103566
         6   0.120763   0.040935  -0.166412   0.004714
         7  -0.085262   0.012491   0.086756  -0.013986
         8   0.037324  -0.215945   0.109718   0.068904
         9  -0.098174   0.075351  -0.078216   0.101039
        10   0.120125  -0.129357   0.119730  -0.110499
        11   0.114525   0.006215   0.073194  -0.193933
        12   0.104008   0.095078  -0.095818  -0.103267
        13  -0.240698   0.182091  -0.056702   0.115308
        14   0.191182  -0.336526   0.027296   0.118049
        15  -0.047308   0.082619  -0.349770   0.314459
        16   0.044140   0.047063   0.157563  -0.248766
        17  -0.047648  -0.097024   0.030720   0.113952
        18  -0.190179   0.055588   0.084240   0.050351
        19  -0.049178   0.095051  -0.127993   0.082119
        20   0.177348  -0.104642   0.049228  -0.121934
        21  -0.057356   0.029688  -0.057095   0.084763
        22  -0.001097  -0.031792  -0.074442   0.107331
        23  -0.072331   0.020535   0.024409   0.027387
        24  -0.029355  -0.004594   0.043450  -0.009501
        25   0.038761   0.045505  -0.039904  -0.044361
        26  -0.040658   0.014153   0.075912  -0.049407
        27   0.015043   0.010989   0.016755  -0.042787
        28   0.032733  -0.030449   0.031547  -0.033832
        29   0.065795  -0.030897   0.038322  -0.073220
        30  -0.116592   0.021543   0.035932   0.059117
        31   0.066005  -0.088248   0.074099  -0.051856
        32  -0.118793   0.158428  -0.009443  -0.030191
        33   0.048634  -0.109061   0.124803  -0.064376
        34   0.049879   0.082444   0.036468  -0.168791
        35  -0.212579   0.011807   0.078288   0.122484
        36  -0.144368   0.129597  -0.022372   0.037142
        37   0.059124  -0.210663   0.101218   0.050321
        38   0.078463   0.029211  -0.264547   0.156872
        39   0.091568   0.120381   0.106244  -0.318193
        40  -0.015409  -0.247929   0.113117   0.150222
        41  -0.286030   0.007685   0.153868   0.124477
        42   0.167489  -0.021394  -0.077672  -0.068422
        43   0.044967  -0.061191   0.014733   0.001492
        44   0.058471  -0.015406  -0.002094  -0.040972
        45  -0.001277   0.062148  -0.157277   0.096406
        46   0.147600  -0.126387  -0.017707  -0.003507
        47   0.143854   0.031049   0.147894  -0.322797
        48   0.207834   0.196131  -0.320014  -0.083951
        49  -0.416061   0.238655   0.010131   0.167275
        50   0.277951  -0.476435   0.103181   0.095304
        51   0.184403   0.044680  -0.513526   0.284444
        52   0.089108  -0.063758   0.165656  -0.191005
        53  -0.061266  -0.026925   0.031083   0.057108
        54   0.070571   0.060980  -0.006540  -0.125011
        55   0.013920   0.090145  -0.071295  -0.032770
        56   0.049121   0.045150   0.094497  -0.188769
        57   0.029383  -0.020292  -0.053576   0.044485
        58   0.011575   0.067062   0.014157  -0.092794
        59   0.087969  -0.194342   0.064536   0.041837
        60  -0.031636  -0.059079   0.127503  -0.036787
        61  -0.015719  -0.039459   0.061507  -0.006328
        62   0.074162   0.057246  -0.139337   0.007929
        63   0.040419   0.083784  -0.074634  -0.049569
        64   0.034580   0.110153  -0.162012   0.017280
        65  -0.055515  -0.005250  -0.061043   0.121808
        66  -0.049011   0.077861  -0.067688   0.038837
        67  -0.195426   0.156604   0.015216   0.023607
        68   0.152414  -0.136441   0.163519  -0.179492
        69   0.155398   0.090371   0.191938  -0.437707
        70   0.331925   0.236896  -0.387744  -0.181076
        71  -0.575573   0.306927   0.048679   0.219966
        72   0.354489  -0.770741   0.200026   0.216226
        73   0.155922   0.233751  -0.721759   0.332085
        74   0.114764   0.111181   0.325793  -0.551738
        75  -0.116642  -0.390331   0.245116   0.261856
        76  -0.473812   0.159560   0.142493   0.171759
        77  -0.233077   0.255184  -0.145554   0.123448
        78   0.073991   0.051080   0.148183  -0.273254
        79   0.022587   0.024131  -0.051615   0.004897
        80  -0.001613   0.020424  -0.060213   0.041401
        81   0.015092   0.006159  -0.060598   0.039347
        82   0.018528  -0.028338  -0.007174   0.016984
        83  -0.006087  -0.027833   0.041299  -0.007378
        84   0.101028   0.032828  -0.173839   0.039982
        85  -0.007068   0.012962  -0.025071   0.019178
        86  -0.032314  -0.003200   0.046281  -0.010767