       pos      val_A      val_C      val_G      val_T
         0  -0.011162   0.084204  -0.022253  -0.050788
         1   0.016238  -0.048597   0.100014  -0.067655
         2   0.093262   0.014118  -0.266176   0.158797
         3   0.081820  -0.091557   0.042928  -0.033190
         4   0.169111  -0.037720  -0.248088   0.116697
         5  -0.052622   0.072476   0.083700  -0.103553
         6   0.120772   0.040918  -0.166420   0.004729
         7  -0.085273   0.012496   0.086743  -0.013966
         8   0.037328  -0.215941   0.109709   0.068904
         9  -0.098183   0.075371  -0.078222   0.101033
        10   0.120108  -0.129349   0.119740  -0.110499
        11   0.114507   0.006235   0.073190  -0.193933
        12   0.104034   0.095073  -0.095823  -0.103283
        13  -0.240697   0.182107  -0.056697   0.115287
        14   0.191183  -0.336525   0.027288   0.118055
        15  -0.047307   0.082638  -0.349769   0.314438
        16   0.044127   0.047063   0.157581  -0.248770
        17  -0.047652  -0.097030   0.030717   0.113966
        18  -0.190173   0.055601   0.084248   0.050325
        19  -0.049197   0.095051  -0.127986   0.082132
        20   0.177339  -0.104649   0.049232  -0.121922
        21  -0.057345   0.029696  -0.057118   0.084767
        22  -0.001090  -0.031797  -0.074439   0.107325
        23  -0.072328   0.020542   0.024408   0.027378
        24  -0.029359  -0.004602   0.043454  -0.009493
        25   0.038756   0.045509  -0.039920  -0.044345
        26  -0.040667   0.014119   0.075915  -0.049366
        27   0.015047   0.011010   0.016738  -0.042795
        28   0.032762  -0.030445   0.031514  -0.033832
        29   0.065799  -0.030901   0.038310  -0.073208
        30  -0.116594   0.021556   0.035920   0.059118
        31   0.066009  -0.088248   0.074113  -0.051875
        32  -0.118805   0.158469  -0.009444  -0.030220
        33   0.048639  -0.109061   0.124803  -0.064380
        34   0.049874   0.082457   0.036467  -0.168798
        35  -0.212571   0.011800   0.078285   0.122486
        36  -0.144354   0.129602  -0.022383   0.037134
        37   0.059120  -0.210653   0.101196   0.050338
        38   0.078468   0.029220  -0.264546   0.156858
        39   0.091591   0.120362   0.106240  -0.318193
        40  -0.015409  -0.247931   0.113113   0.150227
        41  -0.286040   0.007709   0.153849   0.124481
        42   0.167512  -0.021400  -0.077692  -0.068420
        43   0.044968  -0.061186   0.014709   0.001509
        44   0.058481  -0.015409  -0.002081  -0.040990
        45  -0.001240   0.062131  -0.157289   0.096398
        46   0.147587  -0.126386  -0.017706  -0.003494
        47   0.143863   0.031024   0.147908  -0.322795
        48   0.207830   0.196116  -0.320007  -0.083939
        49  -0.416064   0.238655   0.010135   0.167274
        50   0.277932  -0.476424   0.103189   0.095303
        51   0.184413   0.044680  -0.513526   0.284433
        52   0.089117  -0.063770   0.165655  -0.191002
        53  -0.061266  -0.026921   0.031074   0.057112
        54   0.070569   0.061009  -0.006569  -0.125009
        55   0.013911   0.090171  -0.071299  -0.032782
        56   0.049096   0.045180   0.094489  -0.188765
        57   0.029398  -0.020296  -0.053600   0.044497
        58   0.011571   0.067054   0.014169  -0.092794
        59   0.087960  -0.194346   0.064540   0.041846
        60  -0.031633  -0.059069   0.127525  -0.036823
        61  -0.015734  -0.039462   0.061512  -0.006316
        62   0.074154   0.057263  -0.139333   0.007917
        63   0.040426   0.083787  -0.074647  -0.049567
        64   0.034576   0.110153  -0.162022   0.017292
        65  -0.055504  -0.005246  -0.061054   0.121803
        66  -0.049017   0.077862  -0.067691   0.038846
        67  -0.195416   0.156609   0.015208   0.023599
        68   0.152431  -0.136443   0.163512  -0.179500
        69   0.155392   0.090389   0.191932  -0.437713
        70   0.331920   0.236892  -0.387734  -0.181078
        71  -0.575562   0.306896   0.048692   0.219975
        72   0.354527  -0.770739   0.199965   0.216248
        73   0.155903   0.233769  -0.721751   0.332080
        74   0.114761   0.111174   0.325808  -0.551743
        75  -0.116641  -0.390329   0.245102   0.261869
        76  -0.473804   0.159551   0.142483   0.171770
        77  -0.233081   0.255179  -0.145551   0.123453
        78   0.073977   0.051097   0.148183  -0.273258
        79   0.022550   0.024184  -0.051623   0.004889
        80  -0.001629   0.020433  -0.060209   0.041406
        81   0.015081   0.006160  -0.060589   0.039348
        82   0.018528  -0.028334  -0.007186   0.016992
        83  -0.006083  -0.027833   0.041282  -0.007366
        84   0.101029   0.032799  -0.173832   0.040003
        85  -0.007068   0.012949  -0.025087   0.019206
        86  -0.032286  -0.003207   0.046270  -0.010777
