       pos      val_*      val_A      val_C      val_D      val_E      val_F      val_G      val_H      val_I      val_K      val_L      val_M      val_N      val_P      val_Q      val_R      val_S      val_T      val_V      val_W      val_Y
         0  -0.688424  -0.285256  -0.026829  -0.322512  -0.541150  -0.030320  -0.407279   0.422936   0.086077  -0.166235   0.294638  -0.986182  -0.073069   0.088196   1.515185   0.257256   0.054483   0.186940  -0.244635   0.948396  -0.082215
         1   0.180692   0.032250   0.267764   0.029908  -0.565944   0.460624   1.241177   0.405077  -0.322787  -0.969766   0.652089  -2.308942   0.847437   0.086386  -2.040963   0.427697   0.174702  -0.768847  -0.006192   1.418451   0.759187
         2  -1.010199  -0.509020  -0.970832   0.260943  -0.345850  -0.365329  -0.971416   5.103718   1.220539  -0.444890  -0.893318  -0.952446   3.734895  -0.757633  -0.860027  -0.589740  -0.933415  -1.153217  -0.279141   0.459750   0.256628
         3  -1.205731   0.904533   0.216626   0.672206   0.391053  -0.293297   1.533775  -0.548488  -0.881381  -0.385999  -1.085288   0.204145   0.060225  -0.677443   0.436899   0.067153   0.984043   1.472969  -0.922763  -0.470650  -0.472586
         4  -0.977680  -0.518786   0.909887   2.286440   0.531836  -1.319466  -0.145586   0.599782  -0.947169  -0.345909  -0.868855  -0.428121  -0.329410  -0.415671   0.094648  -0.658816  -0.231815  -0.747710  -0.655687   0.549350   3.618739
         5   3.250455   0.681433  -0.884192  -0.452675   0.690898  -0.749766  -0.099819  -0.740085  -1.210789   1.952452   0.099846  -1.898182  -0.502650  -0.663923   0.250489   2.192605   0.393378  -0.185650  -0.831804  -0.721548  -0.570473
         6  -1.331005  -0.112511   1.025234  -0.419389  -0.110448   3.743591  -1.051241   0.214014  -0.491503   0.203262  -0.061917  -0.160449  -0.367236  -0.264489  -0.010477   0.146513  -0.102148  -0.220531  -0.066612  -0.327489  -0.235168
         7   2.598077   0.175171  -0.545748  -0.403027  -0.111090  -0.260272  -0.728720  -0.339431  -0.129365  -0.227053   1.471099   0.091277  -0.128224  -0.425967  -0.594526  -0.428285   0.020302   0.830114   0.001195  -2.032515   1.166988
         8   0.697913   0.387025  -1.504240  -0.659013   0.178546  -0.285818  -0.154440   0.171217  -0.322176   0.846327  -0.220693  -0.070306  -0.184623   0.277019   0.462378   0.489179  -0.298302  -0.146779   0.327991   0.286604  -0.277806
         9  -1.265657  -0.103588  -1.245008  -0.856846   3.030592  -0.271122  -0.320145  -0.252320  -0.121400   1.960349   0.542967   1.015715  -0.205438  -1.268730  -1.508683   0.145708  -0.239309  -0.146032   0.170747   0.521642   0.416558
        10   1.460650  -0.786042  -0.778708  -0.562890  -0.455218  -0.964631   0.425220  -0.482483  -0.746113   2.515306  -0.650394   3.458081   0.056868  -0.399634   1.039524  -0.400719  -0.626509  -0.748208  -1.015023   0.832589  -1.171664
        11  -1.473094   0.578228   0.829294  -0.297931  -0.534032   2.040431  -0.335452  -0.010163   1.776528  -1.333411  -0.741364  -0.988114   0.122734  -1.201491  -0.028704   0.497532   0.401806  -0.522334  -0.341269   0.526397   1.034410
        12  -1.280935   0.285092  -1.183522  -1.146446   0.542926   0.016324  -1.484550  -0.338643   0.704398   3.219386  -0.506764   1.849420   0.494959   0.250263  -0.290494  -0.221479  -0.449280   0.494940  -0.192665  -0.360731  -0.402199
        13  -0.593309   0.033297  -0.662203  -0.597180  -0.085858  -0.366712  -0.098067  -0.255575   0.613365  -0.186963   0.333300   2.332358  -0.481047   0.249246  -0.764676  -0.316681  -0.277708   0.465801  -0.370301   0.147347   0.881564
        14  -1.081653  -0.719270  -1.410244  -1.449010   6.347651   0.136022   0.235045  -1.499217  -1.238697   0.823443  -1.185019  -1.746058   0.373490   1.069984   4.332513  -0.542440  -0.710749   0.309392  -1.269367  -1.066972   0.291155
        15  -0.022867  -1.413242   1.170297   2.650786  -0.691179  -1.073184  -1.230953  -0.621603   0.302563   1.208592  -0.220116  -0.526759   2.792893  -1.175562  -1.190166  -0.554850  -1.076965  -0.624005  -0.541266  -0.936594   3.774181
        16  -0.362161  -0.103152  -0.574040   0.359534   0.686364  -0.366578  -0.177046  -0.039136  -0.637131   0.000861  -0.563713  -0.614382   1.309619   1.786898   0.114529   0.102019   0.488741   0.241099  -0.581702  -0.825204  -0.245420
        17  -0.492936  -0.283242  -0.346512  -0.367682  -0.183405  -0.467476  -0.148618   1.266912  -0.158304   0.810490  -0.372542   2.239926  -0.213146   0.195680  -0.275680  -0.092842  -0.107924   1.330484  -0.430072  -1.531256  -0.371855
        18   0.744789  -0.710688  -0.712384  -0.913372   1.115436  -0.592386  -0.275128   0.944791  -0.170263   0.284785  -0.163243  -0.023092   0.449256   0.360967  -0.086879   0.274648  -0.501633   0.024376  -0.442129   0.539154  -0.147006
        19  -1.756974   0.299692   0.507794  -0.647120  -0.265186  -0.908792  -0.421432   0.049861  -0.715591   0.822738   0.333060  -0.760059   0.304128   0.910252   1.324394   1.293700  -0.004601   0.654808  -0.733114   0.252087  -0.539645
        20  -1.272027  -0.156321   3.355703  -0.712883  -0.746193   0.311143  -0.697662   0.278438  -0.249590   1.759457  -0.802289   0.083922  -0.501344  -0.695084   0.482187   1.872307  -0.422842   0.593195  -1.319655  -0.815149  -0.345314
        21   1.526835  -0.558450  -0.239058  -0.395425   1.646487   0.174325  -1.003280   0.445987  -0.275575   0.160678  -0.130463   0.007525  -0.401973  -0.710097   1.317883   0.677202  -0.007538   0.203603  -0.683588  -2.562544   0.807466
        22  -0.941314  -0.555105  -0.424450  -0.248135   0.593958  -0.614521  -0.305678   0.994242  -0.500739   0.045858  -0.351203  -0.299923  -0.190194   0.318047   1.755916   0.192778   0.386844   1.230393  -0.331540  -0.291299  -0.463934
        23  -0.847123  -0.316570   0.330117   1.269969  -0.809655  -0.848452   0.377775   1.335689  -0.749415  -0.579040  -0.701102  -0.625468   0.234867  -0.577103   0.906634  -0.137238   0.146351   0.675411  -0.129414  -0.259103   1.302871
        24  -0.661909   1.090635  -0.615786   1.609307  -0.231814  -0.461924  -0.145246   0.222752   0.702830  -0.432364  -0.681296   0.074986   0.624237  -0.568915  -0.515744  -0.369482  -0.661004  -0.324234   1.061675   0.927910  -0.644615
