       pos      val_*      val_A      val_C      val_D      val_E      val_F      val_G      val_H      val_I      val_K      val_L      val_M      val_N      val_P      val_Q      val_R      val_S      val_T      val_V      val_W      val_Y
         0  -2.474664   0.098015  -2.036109  -1.033324  -2.061002  -1.795823  -0.985039  -1.346198  -1.599091  -3.755597  -2.262877  -4.266423  -1.687944  -0.855616  -1.137159  -1.298629  -0.794989  -0.674401  -1.031629  -4.448745  -1.777618
         1  -3.449505  -2.187876  -1.898784  -2.147435  -3.633104  -2.557004   0.094020  -2.591886  -3.434216       -inf  -3.290460       -inf  -2.352616  -3.256400       -inf  -1.873092  -2.029488  -3.631545  -3.360252  -3.519527  -2.674197
         2  -2.295546  -3.456239  -2.280614  -3.350132  -3.194220  -2.590508  -2.664416  -3.350132  -3.755597  -3.081243  -2.281864  -3.301342  -2.944667  -3.238492  -3.100478  -2.007524  -2.391424  -3.969172  -3.520283   0.137974  -1.848411
         3  -2.651081  -0.689593  -3.573276  -0.671764   0.111002  -4.602895  -0.064063  -2.766400  -3.506252  -2.051622  -3.213922  -4.138590  -2.426595  -3.355071  -1.097761  -2.488848  -1.350578  -1.180570  -2.262835  -5.331134  -2.825355
         4  -3.567952  -2.305255  -5.835039  -2.529152  -1.327233  -2.881507  -2.719356  -4.602895  -1.236002  -1.159753  -1.271673   0.120791  -3.527205  -2.137110  -1.537983  -1.480082  -1.882008  -1.421426  -1.260795  -3.944912  -4.361733
         5  -3.747229   0.128494  -3.342697  -2.041040  -3.633236  -3.300740  -1.683602  -3.517587  -3.580656  -4.161063  -4.396047       -inf  -2.835407  -2.547585  -5.054880  -0.949643  -1.247970  -1.756536  -2.398939       -inf  -3.745126
         6  -2.521775  -2.316059  -3.216601  -2.131912  -1.337665  -3.796419  -3.107336  -2.146509  -1.761432   0.124335  -2.157709  -2.376272  -1.414135  -3.270620  -1.323518  -1.234524  -1.961568  -1.549157  -3.772989  -3.601447  -2.216364
         7  -2.811136  -1.654171  -3.100811  -3.173808  -2.656985  -3.479488  -3.602546  -3.580767  -1.959423  -3.434815  -4.236658  -2.747740  -2.086099  -2.515441       -inf  -3.167811  -1.563816   0.120280  -2.896658  -3.062450  -2.141821
         8  -3.821943  -1.859478  -2.218425  -2.352590  -3.013660  -3.158444  -1.011147  -1.832865  -1.383640  -1.394584  -2.347153  -2.474664  -0.885814  -2.010956  -2.857656  -0.231497   0.111546  -1.026612  -3.859987  -2.305334  -2.145345
         9  -3.044367  -1.186751  -2.041133  -2.611523  -3.755597  -1.302100  -2.219852  -2.271521  -2.070892  -3.755597  -3.675517  -4.854210  -2.241092  -2.318956  -4.736427  -2.019580   0.096124  -1.271630  -2.557384  -2.037946  -0.553398
        10  -2.285626  -2.309731  -2.249386  -1.909755  -2.890600  -3.326035   0.125098  -2.631233  -3.123359  -4.161063  -3.291099  -2.523454  -2.167677  -3.473456  -3.755597  -1.866395  -1.915676  -3.075522  -2.776761  -3.834983  -3.449733
        11  -2.429371  -1.887631  -3.909748  -2.421671  -1.569883  -2.725978  -2.719927  -1.092875  -3.254822  -2.375152  -1.631924  -2.776588  -3.520394  -2.363291   0.151305  -0.738597  -3.236869  -2.723327  -2.073578  -1.533420  -0.992813
        12  -3.752190  -3.367174  -1.845992  -2.545433  -4.043280  -2.819554  -2.166119  -1.059758  -1.361000  -3.467915  -1.647443  -4.043280  -1.209366  -0.729930  -1.988396   0.136003  -1.231006  -1.594594  -3.185782  -2.337727  -1.997905
        13  -2.308179  -3.544748  -2.517217  -2.591133  -3.437506  -2.329678  -3.167811  -2.327526  -3.461836  -3.193611  -3.671040  -3.755597  -2.569716  -4.099736  -3.327025  -3.385850  -2.863318  -4.192726  -3.670604  -3.224363   0.163530
        14  -3.302342  -3.327909  -2.681479  -3.755597  -4.043280   0.125510  -2.970335  -3.260726  -2.525525  -3.820136  -2.228461  -3.755597  -3.216601  -3.892821  -3.860958  -3.156316  -2.756174  -2.716302  -2.560480  -3.316231  -1.176659
        15  -3.988220  -3.495314  -4.135087  -2.487086  -3.563472  -2.992631  -3.553229  -3.359128  -1.649520  -1.270691   0.091440  -1.390999  -4.070679  -2.336402  -2.200954  -1.723890  -3.181056  -3.593581  -1.411875  -3.963138  -3.544288
        16  -3.458935  -3.744608  -3.544288  -1.820459  -3.876742  -3.589101  -3.316610  -2.362605  -3.064222  -2.200582  -3.961362  -3.873381   0.187871  -3.712229  -3.457469  -2.935799  -1.699148  -2.820915  -4.043280       -inf  -2.384859
        17  -3.494871  -3.616937  -3.324653  -2.603230  -3.412725  -3.444966  -3.448113   0.191565  -3.623352  -3.340728  -2.560015  -4.043280  -2.513599  -2.648262  -2.351432  -2.283786  -3.373163  -3.900682  -3.712646  -2.474664  -2.522269
        18  -4.097347  -2.812705  -2.580352  -3.338616  -3.755597  -1.383129  -2.248467  -3.579318   0.133806  -1.830166  -1.413365  -0.883381  -0.828773  -2.913399  -4.602895  -2.248165  -1.589669  -1.852670  -1.344034  -2.962367  -2.554128
        19  -3.214720  -0.888324  -1.105729   0.127233  -0.653524  -2.137807  -0.924903  -0.833170  -1.950206  -0.653157  -1.403745  -4.161063  -0.138183  -3.535210  -2.436663  -1.570349  -1.392932  -2.767315  -1.086027  -2.020996  -1.001396
        20  -2.779463  -3.076437  -3.755597  -3.742053  -2.204418  -3.285594  -3.300918  -1.255416  -4.777249  -0.190067  -2.273322  -2.329638  -3.082878  -2.568668   0.123223   0.063176  -3.219715  -3.285694  -3.530158  -3.146370  -2.762346
        21  -3.612497  -1.740103  -2.275939  -3.761065  -3.439745  -1.944395  -3.073879  -3.362402  -1.429141  -2.174746  -2.270863  -1.951968  -1.697198  -2.772823  -4.017438  -1.313746  -1.056309   0.141472  -2.758081       -inf  -1.825934
        22  -4.959570  -2.536956  -3.571565  -3.460028  -5.141892  -4.004294  -3.395743  -3.637233  -2.806303  -3.267066  -4.078754  -3.443390  -2.451837  -2.568251  -4.241105  -3.202399  -1.546559   0.142022  -3.536235  -3.860958  -4.382495
        23  -3.630041  -2.044585  -4.266423  -3.350132  -3.399804  -5.054880  -3.243972  -3.855977  -3.030240  -2.296754  -3.178949  -2.228052  -2.821086  -2.464792  -2.517590  -2.032241  -1.606525   0.138529  -3.395640  -3.009919  -3.298839
        24  -2.102038  -3.746498  -2.356912  -4.043280  -3.524935  -3.022832  -2.805945  -3.969172  -4.161063  -3.288407  -2.602175  -3.580310  -3.956268  -3.548170  -3.135590  -2.154414  -2.611921  -3.825026  -3.624134   0.177803  -3.183667