  pos     val_AA     val_AC     val_AG     val_AT     val_CA     val_CC     val_CG     val_CT     val_GA     val_GC     val_GG     val_GT     val_TA     val_TC     val_TG     val_TT
    0  -2.494336   0.654153   2.525964   2.507675   3.597882  -2.618105   2.290993   3.460494  -4.838655  -0.782798  -6.582814  -0.863483   3.090677   4.375491   0.677398  -5.000537
    1   0.106929  -2.525093   0.141108   1.632623  -1.502783  -1.166861   5.839110  -1.540724  -0.682911   1.903328  -1.970269  -0.338607   0.995116   0.872200  -0.960038  -0.803129
    2   0.100896  -2.499137   0.434580   0.880012   1.018594   0.396337  -0.263489  -2.067868  -0.862149   5.063280  -1.763640   0.612420   0.131634  -0.427420  -0.052991  -0.701060
    3   1.802257  -2.344903   1.446666  -0.515044  -2.556715   0.831198   6.519727  -2.261149   2.301782   0.994495  -5.276025   0.334208  -1.933984   0.444882   0.094050   0.118556
    4  -3.857556   5.456962  -2.107168   0.121102   2.266406  -1.666168  -0.593158  -0.081409   0.890371  -1.978813   2.576645   1.296215   0.480354  -2.096800  -0.576236  -0.130748
    5  -1.791326  -2.922191   3.476102   1.016990   3.303555   1.821000  -1.445076  -3.964298  -0.629223   1.315573  -3.487555   2.101288  -1.660577   0.254998   2.999167  -0.388428
    6  -2.273375  -1.034734  -0.484562   3.015100  -0.158894  -1.467503   2.167026  -0.071249   2.105722   5.089273  -4.184983  -1.467374   0.012367  -2.440494   2.630556  -1.436878
    7   0.492073   3.252922  -3.143105  -0.916070  -0.487168  -2.782450   1.497342   1.918819  -2.554555  -0.198396   1.911518   0.969469   1.335820   0.959596  -0.035735  -2.220082
    8  -2.484070  -0.186978  -0.397765   1.854984   4.642041  -1.803022   0.716911  -2.324258   0.637801   0.952101   1.102677  -2.462558  -1.967737  -0.173933   0.243975   1.649831
    9  -2.244834   1.094010  -0.474597   2.453457   3.292654  -0.582284  -1.853112  -2.069092   0.398030   0.729009   2.257776  -1.719017  -1.290150  -0.347495  -1.912808   2.268453
   10   2.753191  -0.915023   0.434992  -2.117461   0.870982  -0.067300  -2.477639   2.567197  -1.136502   0.592447  -0.893452  -0.545234  -2.722459  -0.841850   1.801823   2.696288
   11   1.974664   0.921391  -2.504718  -0.626124  -0.067655   0.474240  -2.227465   0.589153  -0.390245   3.300581  -2.811545  -1.233067  -2.139689  -4.649437   6.803008   2.586908
   12  -2.557469   3.538633  -0.367226  -1.236863  -0.907501  -0.450924  -0.343845   1.749045   3.610285  -3.687967  -0.423491  -0.239547   0.949769  -1.724794   2.520123  -0.428226
   13  -0.692062   7.705457  -3.328275  -2.590035   0.460273  -0.386795  -0.387973  -2.010559  -3.763356  -2.294670   6.021659   1.421928   2.900773  -4.374071  -2.494102   3.811808
   14  -2.303370   3.287339  -3.350417   1.272076  -0.022950  -2.694270  10.226407  -6.859266  -2.015761  -1.296841   0.212513   2.911397   4.666350  -0.229644  -5.206351   1.402787
   15   2.838113   0.477189  -2.701460  -0.289573  -1.034903  -0.435248   1.558579  -1.021844  -2.933049  -2.460566  -0.964799   8.240566   1.335773   1.846397   0.501511  -4.956687
   16   0.278945   0.022453   1.669290  -1.764754  -2.538938   0.296845  -1.673702   3.343568   0.461640  -3.613739  -1.952467   3.498396   2.312330   2.693507   1.269285  -4.302660
   17   0.032630  -0.468498   0.994608  -0.044764   5.247565   0.278744  -3.141628  -2.985615  -2.524929  -3.374408   1.069739   4.142005  -1.457775   1.676597   1.606346  -1.050618
   18   0.886503   0.080242   2.064366  -1.733618  -0.847899   3.024027  -1.676671  -2.387022   2.151847  -1.982247  -1.194616   1.554081  -2.061149  -1.010215   1.288818   1.843554
   19   0.614707   1.846274  -2.516101   0.184423   1.375161  -3.331148   3.549232  -1.481438  -2.673729   3.110314  -2.196131   2.241443   0.001580  -1.002159   0.747339  -0.469765
   20  -1.379684   2.212580   2.527726  -4.042903   3.376263  -4.460333   0.751791   0.955559  -3.024509   5.848818  -0.888529  -2.351441   0.542749  -1.605905  -1.424666   2.962484
   21   2.421097  -1.112556  -0.632397  -1.161325  -1.461227   1.379023   1.389480   0.687885  -0.460298   0.123078  -0.352345   1.655887  -0.982348  -0.582144   0.578924  -1.490731
   22   0.596366  -0.783593   0.614076  -0.909626  -1.625379   2.608179  -2.245833   1.070433   2.794877  -0.755262  -0.297183  -0.758770  -1.259877  -1.339015   1.846132   0.444475
   23  -0.162198  -0.094034   1.196919  -0.434700   2.886497   0.715540  -1.865982  -2.005747  -3.280451  -1.547633   2.115609   2.629667  -0.156569   1.089877  -1.508644   0.421848
   24  -3.098258   0.541345  -1.898618   3.742810  -0.218017   0.016678   1.283759  -0.918669   0.063575   2.805197  -0.108998  -2.821872   3.549911  -3.700190  -0.113719   0.875066
   25   2.870236   3.139376  -1.955509  -3.756892  -2.148645   2.707084  -1.326246   0.430838  -2.008971  -4.359724   1.652288   3.878831   0.477634  -1.845399   1.359960   0.885140
   26   0.033304  -3.110892  -1.087161   3.355003  -0.804351   1.225942   0.923888  -1.704142  -1.598970  -0.793981   0.573437   1.550007   2.120718   2.148452  -0.902652  -1.928603
   27  -0.066065   1.246343  -1.691365   0.261789  -1.699315  -2.773508   2.342467   1.599878  -2.136329   2.731702   0.815695  -1.903557   4.061678  -1.624475  -0.865921  -0.299017
   28  -2.334848   0.433634   3.130734  -1.069551   2.887045  -0.838437  -3.425309   0.956763   0.058708  -1.374886   2.782402  -0.865347  -0.727649   2.037230  -2.892499   1.242011
   29  -1.312176   0.159463  -0.865233   1.901203   1.493899  -1.497798   2.375337  -2.113897  -4.123940   1.421954   2.626806  -0.329494   4.792078  -0.048779  -3.910991  -0.568433
   30   2.343245   2.363980  -1.647808  -2.209557  -2.333682  -0.113726   1.017354   1.464894  -1.662637  -2.119332  -1.641600   5.649489   0.965475   0.212536   1.579996  -3.868627
   31   1.240810   2.024747   0.702006  -4.655163   3.118317  -2.167852   0.777119  -1.384127  -2.937621  -2.332087  -2.863265   7.440915  -1.323936   1.692275   2.427379  -1.759519
   32  -0.373382   0.577313  -0.867872   0.761512  -1.720638   0.904767   1.244688  -1.211734   3.551416  -3.438334   0.370428   0.559729  -0.817407   3.351019  -2.880402  -0.011102
   33   1.477689   3.404613  -4.500541   0.258229   0.051708  -0.902157   3.738093  -1.492879  -1.545730   0.378832  -0.331684  -0.634576  -1.626716  -1.401420   0.736349   2.390192
   34  -1.713244  -2.019950   1.350541   0.739603  -1.923467   0.609581  -3.036335   5.830089   3.077193   1.719130  -3.892074  -1.262033   0.909222  -0.801561   5.490358  -5.077052
   35  -2.149071   7.143475  -3.469790  -1.174911  -2.496982  -3.203689   4.457522   0.750349   3.111763  -1.774333  -1.891137   0.466197   1.932844  -4.068255   2.571862  -0.205843
   36  -7.148963   4.322031   1.546728   1.678757   0.076858  -2.888949   0.818631   0.090659   2.444644   1.735819  -1.540189  -0.971817   3.385315  -0.095258  -2.222122  -1.232144
   37   3.577273   0.917746  -3.360198  -2.376966  -4.562931   0.729391   8.766750  -1.859567  -2.104148  -1.137222  -3.490788   5.335206   5.189274  -2.026185  -1.893770  -1.703864
   38  -2.223520   2.349043   2.789712  -0.815766  -2.546936   1.119420   0.817559  -0.906313  -0.331367  -3.078238  -4.301781   7.733379   3.650957  -0.108486   0.301714  -4.449376
   39   0.112443  -3.694914   3.978322  -1.846718   0.574871  -1.954901  -1.744593   3.406362  -0.128726  -1.347146   1.437386  -0.354310  -0.443690   7.733571  -3.043292  -2.684665
   40   2.482016  -4.469213   0.769924   1.332172   7.144264  -1.406132  -1.047862  -3.953660  -2.416145   4.465986   1.875263  -3.297282  -5.359931   1.873365  -3.186232   5.193467
   41  -2.384667   1.545100  -2.026224   4.715995   1.271515   0.365526   1.810626  -2.983661  -1.027026   0.855292   0.098290  -1.515464   0.522313  -2.096957   1.101825  -0.252483
   42  -1.607060   0.646686  -0.766680   0.109189  -2.242704  -2.248689   5.735320  -0.574967   2.531371   1.029914  -1.968455  -0.608313   0.479432   0.938050  -2.001759   0.548664
   43   0.388018  -0.047848  -1.582007   0.402876  -3.002952  -0.678749  -0.721552   4.769215   0.962342   0.063368   3.093496  -3.120780   1.230025   1.663181  -1.011179  -2.407455
   44   0.437706   0.288706   1.548192  -2.697172   2.839042  -1.529829  -0.560051   0.250790  -1.663747   0.180152  -1.304565   2.566919  -0.540766   0.139746   1.280114  -1.235237
   45  -1.709733   1.920691  -0.491280   1.352555  -3.223523   0.110741   1.340729   0.850827   4.760654  -4.327765   0.350029   0.180771   0.127957   2.301344  -1.722838  -1.821161
   46   0.595274   0.210002   3.175975  -4.025896  -3.133599  -0.833215  -0.885522   4.857347  -3.383608   0.162914  -1.354482   4.051818   3.815519   0.026889  -1.523589  -1.755827
   47  -1.446788   3.463080  -1.562692  -2.560015   2.544537  -1.393171  -2.852694   1.267917  -0.799366   0.894279  -4.554991   3.872460  -1.999847  -3.470558  10.084290  -1.486442
   48  -6.175316  -0.032703   2.510250   1.996305  -4.842579   4.217405   0.237496  -0.118692   8.723437  -3.256957  -3.077944  -1.274622   3.987287  -1.808794   0.461476  -1.546048
   49  -6.634657  13.371813  -2.579864  -2.464463   3.931977  -6.394801   1.085555   0.496221   2.214158   0.705728   0.516237  -3.304845   0.341556  -6.556446  -0.101843   5.373675
   50  -0.500856   2.916815  -5.921783   3.358858  -7.578155   1.944445  14.378957  -7.618952   0.230226  -1.255363  -2.105326   2.050548   5.550552  -4.413395  -2.207085   1.170515
   51   1.138877  -4.569617  -0.303396   1.435903   1.954870   3.346692  -1.436974  -4.672086  -1.058130   0.901836  -3.638519   7.939577  -1.795614   1.219427   3.416260  -3.879105
   52   3.273409  -3.952450  -0.545189   1.464233  -3.415719   2.269792   0.886626   1.157638  -2.290080  -2.388025   3.518802  -0.803326   2.642852   3.262339  -2.705088  -2.375814
   53  -4.913491   2.333286   1.324890   1.465777   2.550930  -3.603089  -2.679425   2.923239   0.583824   0.117315   0.354428   0.099584  -0.088694   1.200267   1.720764  -3.389606
   54   2.822222   1.756957  -1.733769  -4.712841  -2.346890   2.321535  -0.224875   0.298009  -0.603451  -0.691217   2.925723  -0.910398   0.686046  -4.045319   0.724404   3.733864
   55  -2.443752   1.755104   1.200683   0.045892   1.497521   1.525382  -2.158516  -1.522430   0.018157  -1.696675   0.475842   2.894160  -0.419828  -0.985797  -1.884800   1.699058
   56  -1.079107  -0.410490   0.466477  -0.324782  -1.029162  -0.574944  -0.148196   2.350316  -0.121626   1.210167  -0.903112  -2.552221   2.153595  -0.322535   1.249285   0.036335
   57  -2.459324  -0.213852   0.249984   2.346892   1.195318  -2.105238  -0.518906   1.331025   0.452171   1.698819   0.403870  -1.890407   1.532148   1.365071  -0.679132  -2.708438
   58   0.011438   4.745587  -2.655150  -1.381562  -1.506472   1.725981  -2.510814   3.036105   0.230375   0.029730  -1.914966   1.110677  -0.051803  -4.098194   6.077988  -2.848919
   59  -0.384215   2.752598  -0.610019  -3.074825   0.375777  -0.285396   0.477282   1.835440  -0.263295  -0.292307  -3.695344   3.248003   0.890804  -0.356506   1.246017  -1.864015
   60  -2.330637   0.568261   0.472773   1.908676   0.213709  -0.439234   2.433559  -0.389645  -2.173452   2.793588   0.966293  -4.168494   4.439207  -1.359881  -4.064828   1.130105
   61   1.113537   3.607883  -2.606792  -1.965801  -0.787525  -1.621825   4.428994  -0.456910  -1.959181   1.296196   0.416723   0.054058   0.933908  -2.873770  -2.403475   2.823979
   62  -0.958022  -1.250465   1.642082  -0.132856  -0.352226  -0.880650   0.247733   1.393628   1.078529   2.894312  -0.096334  -4.041057   0.606355  -0.385476  -2.757985   2.992432
   63   0.494584   0.078990  -4.542995   4.344056   1.181009  -5.444049   3.053569   1.587191  -0.950126   4.962058  -1.356468  -3.619968  -0.432227   1.755131   1.324934  -2.435690
   64  -3.185729  -2.546760   2.106535   3.919194   3.701435  -2.862330   3.611513  -3.098488  -1.227313   7.307990  -3.439268  -4.162369  -1.099189   1.172533  -1.223328   1.025573
   65  -3.816910   1.523950  -3.467413   3.949576   0.678302  -4.889876   5.739333   1.543673   1.175842   1.213869   1.756141  -3.090399   2.118656   1.985676  -3.797864  -2.622558
   66   1.031527   0.128080   0.507623  -1.511340   0.427951  -0.619347  -1.390563   1.415579  -2.902499   3.835292   1.881888  -2.584483   2.982136  -5.273917  -0.175998   2.248072
   67  -2.308829   0.905568  -3.844219   6.786594  -1.591812   1.292103   2.177675  -3.807859   1.914594   2.171807   0.822996  -4.086446   1.260590  -2.899101   1.580669  -0.374331
   68   2.920364  -0.310293   1.931422  -5.266951   0.088651   1.217973  -2.012070   2.175824  -0.544610   1.505726   1.587608  -1.811604  -3.166340  -1.689116  -4.237539   7.610953
   69   1.719354   0.358018  -3.546834   0.767527   0.978064   3.036223  -4.882870   1.592874   1.851054   0.171413  -3.261802  -1.491244  -6.885920  -4.555625  12.939053   1.210715
   70  -5.417211   1.811465  -1.289216   2.557513  -3.535557   1.741293   2.000444  -1.196151  10.396346  -3.481546   0.293635  -5.960888   2.284691  -2.317599  -0.972025   3.084805
   71  -7.220493  18.147880  -2.233405  -4.965712   5.263169  -9.695804  -2.432400   4.618648  -0.152652  -1.688830   1.563951   0.310371   0.882331  -3.111027   1.860500  -1.146526
   72   3.855315  -1.459016 -11.616974   7.993030  -3.443856  -6.315138  25.171858 -11.760644   1.336123   0.715518  -7.396685   4.103691  -2.678768   6.873055  -4.515263  -0.862243
   73  -0.443014  -1.083507   2.007360  -1.412025   0.212134   2.621240   3.446001  -6.464955  -4.704844  -2.077379  -9.678662  18.103819   3.868705  -0.444995   3.512204  -7.462082
   74   0.878897  -1.592597  -2.151275   1.797956  -0.572799  -3.246437  -0.877040   3.711635   1.591830  -6.541296   5.118828  -0.882458   0.692788  10.953823  -3.017664  -5.864190
   75   2.839708  -1.033975   1.198030  -0.413049  13.767756  -5.842210  -2.248092  -6.103961  -8.442240   4.327145   0.424445   2.763499  -5.253972   1.214144  -1.033505   3.836276
   76   9.196488  -4.052562   3.097039  -5.329712  -3.329694   0.526088  -0.236385   1.705095  -2.427926  -0.795949   1.722204  -0.157451  -3.115931   3.193230  -4.284037   4.289504
   77  -0.742514   0.359826  -4.793495   5.499120   2.943762  -2.485894   2.299039  -3.886099  -3.909508   0.814259  -0.450145   3.844214   0.368459   0.446285   2.128822  -2.436131
   78  -1.823662  -0.349357  -0.022048   0.855266   1.020003  -2.569584   2.419077  -1.735020   1.649851   0.862027  -6.167063   2.839406  -0.984436   1.676157   4.250273  -1.920890
   79   1.484909   0.989856   0.260116  -2.873126  -0.794282  -1.714336  -0.032086   2.159947   0.179536   1.618515  -1.787303   0.469490  -2.176546  -0.905056   2.079015   1.041350
   80  -6.042822   0.641376   1.055829   3.039234   3.022300  -1.588571  -0.289907  -1.154843   1.872948   0.342027   2.228403  -3.923636  -0.004659   0.944059  -3.227482   3.085743
   81  -0.314159   0.980088  -3.212317   1.394156  -1.566471  -1.313179   2.505747   0.712793   0.894206  -2.235490   1.870581  -0.762454   0.548025   2.762033  -1.998420  -0.265139
   82   2.007588  -1.091597  -0.799519  -0.554870  -0.041537  -0.164287   1.263106  -0.863830  -1.115116   2.331630  -0.440689  -1.610235  -1.157193  -0.653208  -0.510977   3.400734
   83  -2.256555  -1.002578   0.994892   1.957983   0.176787  -0.694734   1.361017  -0.420533  -2.203409   2.612536   1.544670  -2.441876   3.810921  -0.329296  -2.553720  -0.556105
   84  -2.471724   0.403998  -0.054514   1.649983  -1.442923   1.978697   2.003243  -1.953088   3.282342  -1.334426  -1.521083   0.920026   1.561981  -1.272283  -0.135650  -1.614578
   85   2.622851   1.720934  -1.605767  -1.808343  -2.022851   3.102766   3.593246  -4.897175  -0.183442   3.020490  -0.852073  -1.692980   1.411725  -0.606613  -0.348400  -1.454369
