  pos      val_A      val_C      val_G      val_T
    0   0.001083  -0.017858  -0.012979   0.029753
    1  -0.011110   0.031925  -0.031528   0.010713
    2  -0.033727  -0.025050   0.090309  -0.031533
    3  -0.010828   0.016476   0.000878  -0.006526
    4  -0.040283   0.013435   0.069040  -0.042191
    5   0.027001  -0.026468  -0.024956   0.024423
    6  -0.022726  -0.004736   0.044651  -0.017188
    7   0.023307   0.022107  -0.027702  -0.017713
    8  -0.025976   0.058566  -0.023244  -0.009346
    9   0.032374  -0.026650   0.031732  -0.037456
   10  -0.021884   0.022335  -0.029918   0.029468
   11  -0.012000  -0.016108  -0.035491   0.063599
   12  -0.046023  -0.024634   0.042240   0.028416
   13   0.072931  -0.052619  -0.002147  -0.018165
   14  -0.022050   0.094525  -0.032655  -0.039821
   15   0.008043  -0.031935   0.122682  -0.098790
   16  -0.022134  -0.008976  -0.045925   0.077034
   17   0.014291   0.029682  -0.018487  -0.025485
   18   0.056383  -0.028833  -0.016152  -0.011399
   19   0.011632  -0.024943   0.031781  -0.018469
   20  -0.044348   0.029303  -0.016166   0.031211
   21   0.009732  -0.003341   0.015852  -0.022244
   22  -0.004994   0.003474   0.012919  -0.011400
   23   0.016504  -0.003241  -0.006920  -0.006344
   24  -0.002642   0.006963  -0.010435   0.006113
   25  -0.011380  -0.008357   0.010705   0.009031
   26   0.014473   0.004513  -0.022819   0.003832
   27  -0.003762  -0.011318   0.004779   0.010301
   28  -0.004295   0.002107  -0.002840   0.005029
   29  -0.013665   0.006186  -0.006445   0.013924
   30   0.032799  -0.012068   0.000065  -0.020796
   31  -0.011325   0.017275  -0.019623   0.013673
   32   0.022997  -0.029666   0.009212  -0.002543
   33  -0.009863   0.033986  -0.038569   0.014446
   34  -0.018914  -0.014336  -0.023391   0.056641
   35   0.066675  -0.001706  -0.029807  -0.035163
   36   0.041332  -0.053954   0.017360  -0.004738
   37  -0.028879   0.068968  -0.020209  -0.019880
   38  -0.016852  -0.022435   0.087219  -0.047931
   39  -0.032011  -0.026976  -0.040959   0.099947
   40   0.017110   0.082499  -0.026262  -0.073347
   41   0.086067  -0.020327  -0.034862  -0.030877
   42  -0.046662  -0.001920   0.022285   0.026297
   43  -0.006254   0.012319  -0.004805  -0.001260
   44  -0.004280   0.012993  -0.004974  -0.003739
   45   0.018415  -0.010237   0.014462  -0.022640
   46  -0.015701   0.035728   0.004840  -0.024868
   47  -0.052694  -0.017218  -0.044235   0.114147
   48  -0.076803  -0.057937   0.114291   0.020448
   49   0.142307  -0.088728  -0.015699  -0.037881
   50  -0.078022   0.159742  -0.046963  -0.034757
   51  -0.056415  -0.037420   0.167582  -0.073747
   52  -0.026289   0.026052  -0.063221   0.063457
   53   0.025860   0.020727  -0.004336  -0.042251
   54  -0.017960  -0.015437  -0.012299   0.045695
   55   0.013459  -0.051061   0.032037   0.005565
   56  -0.006513  -0.009852  -0.027151   0.043515
   57  -0.008540   0.001567   0.014096  -0.007123
   58  -0.001950  -0.006610  -0.022143   0.030703
   59  -0.021660   0.053268  -0.027022  -0.004586
   60   0.005893   0.016448  -0.040586   0.018246
   61  -0.000457   0.015519  -0.018907   0.003845
   62  -0.021180  -0.008308   0.036353  -0.006864
   63  -0.011810  -0.032000   0.034025   0.009785
   64  -0.007064  -0.039340   0.040050   0.006354
   65   0.009850  -0.010394   0.035106  -0.034562
   66   0.009325  -0.032170   0.017396   0.005449
   67   0.059456  -0.049209  -0.010837   0.000590
   68  -0.049697   0.025303  -0.037968   0.062362
   69  -0.059199  -0.011508  -0.072049   0.142756
   70  -0.119267  -0.061664   0.133923   0.047008
   71   0.200235  -0.096681  -0.022765  -0.080789
   72  -0.154823   0.298106  -0.076471  -0.066812
   73  -0.068067  -0.066826   0.270932  -0.136040
   74  -0.047103  -0.041580  -0.110834   0.199517
   75   0.050205   0.126898  -0.082505  -0.094598
   76   0.159784  -0.069430  -0.038679  -0.051675
   77   0.076886  -0.076486   0.044310  -0.044709
   78  -0.028270   0.002067  -0.065667   0.091869
   79  -0.006770   0.009014   0.014346  -0.016590
   80  -0.002754   0.007624   0.008120  -0.012990
   81  -0.008926   0.005592   0.015003  -0.011670
   82  -0.005786   0.017954  -0.002880  -0.009287
   83  -0.003283  -0.002936  -0.016649   0.022868
   84  -0.036991   0.014448   0.040646  -0.018103
   85  -0.002937  -0.005587   0.007073   0.001452
   86   0.011361   0.009868  -0.013063  -0.008166
