       pos      val_*      val_A      val_C      val_D      val_E      val_F      val_G      val_H      val_I      val_K      val_L      val_M      val_N      val_P      val_Q      val_R      val_S      val_T      val_V      val_W      val_Y
         0   0.387434  -0.310271   0.245649   0.120730   0.128630   0.107610   0.181505  -0.215283  -0.113640   0.634396   0.097613  -0.460375   0.061456  -0.190104   0.362196  -0.438630  -0.109008  -0.208266  -0.202727  -0.308662   0.229746
         1   0.048630   0.042064  -0.131539   0.043773  -0.154245   0.038978  -0.680320   0.034757   0.447520  -0.477132   0.350328   0.040201  -0.149223   0.324208  -0.472215  -0.089302   0.028803   0.459492  -0.125738   0.309540   0.111420
         2   0.134092  -0.053797   0.164708   0.876808   0.236998  -0.349773   0.222668  -0.284818  -0.588005   0.149957   0.126132  -0.020793   0.083683   0.010560   0.218906  -0.106327   0.250922  -0.169113   0.021102  -0.685676  -0.238233
         3   0.643952  -0.646230   0.022723  -0.579813  -0.402979   0.323545  -0.958028   0.164786   0.532513   0.262174   0.457127   0.576225  -0.019780   0.120029  -0.331010  -0.618485  -0.514058  -0.388021   0.396678   0.553820   0.404834
         4   0.390490  -0.168358  -0.934010   0.813882  -0.499459   0.548375   0.306789  -0.256646   0.060941  -0.234504  -0.035548  -0.280365   0.478263   0.243294  -0.903191  -0.083243  -0.376249  -0.035659  -0.117775   0.478025   0.604947
         5   0.818171  -0.651882   0.379272   0.013047   0.335563   0.254808  -0.194089   0.225453   0.266906   0.396480   0.151276  -0.086452   0.080517   0.134618  -0.636648  -1.201894  -0.426336  -0.158901   0.209599  -0.137318   0.227809
         6   0.814325  -0.097709  -0.285140  -0.650056  -0.299739   0.061508   0.005782  -0.305815   0.121311  -0.278578   0.183252   0.026092   0.111912  -0.078691  -0.181463  -0.111325   0.110727  -0.050421   0.173469   0.585414   0.145146
         7   0.253728  -0.293904   0.193454   0.018821   0.079156   0.606178  -0.205431  -0.099467  -0.071146   0.335565   0.224413  -0.116893   0.066329   0.048078  -0.781927   0.149575  -0.178552  -0.692266   0.125055   0.098494   0.240740
         8   0.657942   0.183700   0.777799   0.375085   0.391514   0.298945  -0.111372  -0.101468  -0.126138  -0.332369  -0.095461  -0.251761  -0.112768  -0.295951  -0.652782  -0.686314  -0.102135  -0.127567   0.283022  -0.193539   0.221617
         9   0.411661  -0.202061   0.781223   0.247491  -0.179290  -0.186541  -0.192578  -0.030835   0.213006  -0.188969   0.354876  -0.603901  -0.249716   0.367336  -0.069111  -0.088306  -0.120979  -0.388778   0.423894   0.074498  -0.372921
        10  -0.344674   0.034980  -0.037191  -0.133854   0.211781   0.072565  -0.805204   0.018807   0.593989  -0.175920   0.053457   1.331135  -0.108331  -0.343042  -0.198257  -0.155820  -0.048208  -0.076801   0.195404   0.208296  -0.293112
        11   0.582728  -0.554554  -0.732432   0.482512   0.059769   0.234725   0.174698  -0.256850   0.942588   0.830891   0.252353  -0.028332   0.436244   0.497444  -0.328892  -0.537509  -0.240393   0.008004  -0.442938  -0.681299  -0.698757
        12   0.674877   0.033904   0.440250   0.014237   0.863546   0.008020   0.518510  -0.218729   0.013472  -0.564737  -0.102813  -0.142335  -0.114220  -0.463047  -0.345137  -0.294918  -0.096237  -0.302908  -0.189996   0.243883   0.024379
        13   0.218172  -0.319547   0.030200   0.173447  -0.174276   0.022627  -0.313807  -0.146130  -0.520234   0.035997   0.402939   0.429859  -0.052038   0.109441   0.143336   0.787427   0.002222   0.039492  -0.364879   0.251753  -0.756001
        14   0.061599   0.231534   0.192787  -0.324710   0.616016  -0.784460   0.684492  -0.555973  -0.172395   0.329391  -0.034318  -0.021376  -0.310709   0.313396   0.027980   0.064300  -0.233276   0.512341   0.135487   0.065308  -0.797413
        15   0.290450   0.186734   0.096857   0.601751   0.549613   0.212975   0.109844   0.171450  -0.591027  -1.203281  -0.530427  -0.250565   0.946469  -0.014425  -0.020244  -0.183064  -0.097865   0.313088  -0.249523   0.165714  -0.504522
        16   0.209516  -0.053463   0.145054  -0.381385   0.284464  -0.182340   0.201371   0.145069  -0.008827   0.139269   0.353938   0.273088  -0.744664   0.205526  -0.047382   0.023123  -0.291717  -0.023413   0.155366  -0.516342   0.113750
        17   0.039985   0.110913   0.182995   0.074012   0.028245   0.445368  -0.026908  -0.935235  -0.112408  -0.052814  -0.138065  -0.239057  -0.044164  -0.166919   0.101564  -0.196731  -0.006484  -0.120290   0.430000   0.631184  -0.005190
        18   0.347243   0.095622   0.651203  -0.238718   0.061337  -0.001042   0.347335   0.075495  -0.242411  -0.397585  -0.150691  -1.136933  -0.534262   0.393308   0.041751  -0.134045  -0.035747  -0.139229  -0.027719   1.220919  -0.195831
        19   0.770250  -0.257459  -0.115641   0.095844  -0.068422   0.266680   0.048573  -0.254420   0.299554  -0.495853   0.377445  -0.639129  -0.287055   0.581529  -0.075875  -0.628715  -0.071572   0.040883   0.247939  -0.027928   0.193370
        20   0.617599   0.389695  -1.085019   0.983126   0.455106  -0.158481  -0.012955  -0.347425  -0.348269  -0.826223   0.433991   0.065100   0.071174   0.391975  -0.289846  -0.878920   0.467009  -0.734789   0.889999  -0.430172   0.347324
        21   0.155679  -0.051453  -0.148973   0.594810   1.558396  -0.268288   0.091349   0.139276  -0.057769   0.063307   0.010273  -0.462797  -0.026393   0.199664   0.749250  -0.661263  -0.587681  -0.476198  -0.422181  -0.087073  -0.311936
        22  -0.744708  -0.210148   0.430012   0.587466   0.123291   0.268508   0.174577  -0.120448  -0.012192  -0.144144  -0.287827  -0.230247   0.027673  -0.087646  -0.245779  -0.231046  -0.473247  -0.944583   1.946975   0.528472  -0.354961
        23   0.364205  -0.126381  -0.463286   0.497014   0.062417  -0.616381   0.284282   0.306950   0.291050   0.098248   0.314998   0.055791   0.096574   0.019809  -0.846402  -0.135963  -0.354394  -0.723698   0.392062  -0.051035   0.534140
        24   0.171653   0.203928   0.154223  -0.932954   0.069263   0.072658   0.093891   0.168504  -0.152099   0.234745   0.094254  -0.435746   0.049384   0.280215   0.077266  -0.209124   0.264005   0.332201   0.002438  -0.830757   0.292053