       pos      val_*      val_A      val_C      val_D      val_E      val_F      val_G      val_H      val_I      val_K      val_L      val_M      val_N      val_P      val_Q      val_R      val_S      val_T      val_V      val_W      val_Y
         0   0.441854  -0.305472   0.249631   0.125543   0.135540   0.113274   0.186301  -0.209974  -0.108407   0.767277   0.101988  -0.736799   0.067243  -0.185256   0.392585  -0.433912  -0.104208  -0.203426  -0.197882  -0.331334   0.235431
         1   0.166013   0.166704  -0.007164   0.168540  -0.033723   0.165287  -0.555720   0.161317   0.573658  -1.280908   0.475135  -0.587758  -0.022821   0.450229  -1.280908   0.035403   0.153409   0.587817  -0.000901   0.431910   0.234481
         2   0.179711  -0.006330   0.210021   0.938949   0.285021  -0.307583   0.267865  -0.670490  -0.958173   0.198548   0.171489   0.022658   0.022658   0.050829   0.265220  -0.060859   0.295968  -0.136408   0.063479  -0.640287  -0.192285
         3   0.638933  -0.651655   0.048127  -0.585352  -0.408465   0.230447  -0.963533   0.161246   0.531924   0.256941   0.455459   0.635915  -0.023001   0.119223  -0.336456  -0.623335  -0.520758  -0.392894   0.391152   0.635915   0.400167
         4   0.413609  -0.155587  -1.395848   0.881418  -0.485764   0.563901   0.322155  -0.297238   0.073792  -0.221584  -0.022658  -0.267527   0.491742   0.257672  -0.891313  -0.070355  -0.362834  -0.022910  -0.104951   0.492904   0.801376
         5   0.908081  -0.578282   0.454241   0.086437   0.410814   0.328229  -0.120565   0.302886   0.342351   0.490346   0.225841  -0.608265   0.155087   0.208311  -1.013726  -1.129134  -0.352624  -0.085419   0.283355  -0.608265   0.300303
         6   0.807370  -0.101734  -0.316212  -0.657405  -0.306008   0.089251   0.003730  -0.310959   0.114812  -0.284984   0.177671   0.020259   0.105492  -0.081932  -0.187738  -0.117858   0.104856  -0.056729   0.194613   0.664615   0.138890
         7   0.330408  -0.240059   0.248171   0.070835   0.025026   0.658386  -0.154022  -0.046947  -0.017445   0.389670   0.277370  -0.065296   0.119961   0.101662  -1.766731   0.203051  -0.124882  -0.638587   0.181948   0.152860   0.294621
         8   0.655415   0.181897   0.771884   0.370209   0.525540   0.295812  -0.117101  -0.105087  -0.131863  -0.337387  -0.099755  -0.256216  -0.118490  -0.300592  -0.698237  -0.692019  -0.107847  -0.133242   0.278852  -0.199107   0.217337
         9   0.429933  -0.188786   0.794155   0.264233  -0.148611  -0.173311  -0.178026  -0.016039   0.230444  -0.148611   0.369911  -0.841756  -0.235623   0.380513  -0.148611  -0.073852  -0.107827  -0.375597   0.440396   0.086793  -0.359730
        10  -0.329358   0.052864  -0.019314  -0.116102   0.230074   0.091007  -0.787447   0.035531   0.608104  -0.411945   0.070797   1.379812  -0.090361  -0.334983  -0.306583  -0.138038  -0.030696  -0.063638   0.213703   0.225941  -0.279371
        11   0.580489  -0.557532  -0.816779   0.483041   0.057761   0.263817   0.174203  -0.259050   1.021500   0.828893   0.250213  -0.028321   0.435775   0.495113  -0.331009  -0.539572  -0.242014   0.010554  -0.443029  -0.683247  -0.700806
        12   0.687674   0.036541   0.443966   0.019771   1.062367   0.013747   0.522087  -0.215303   0.017737  -0.660400  -0.099295  -0.323929  -0.111219  -0.459655  -0.341701  -0.291460  -0.092592  -0.299065  -0.185851   0.248590   0.027989
        13   0.245003  -0.294789   0.056554   0.200093  -0.149697   0.049370  -0.292962  -0.119684  -0.504970   0.059288   0.428513  -0.067005  -0.025622   0.131445   0.171406   0.813884   0.029076   0.068871  -0.343638   0.274298  -0.729433
        14   0.073350   0.252161   0.206292  -0.333887   0.582404  -0.771084   0.700189  -0.554430  -0.159004   0.294721  -0.020907  -0.007559  -0.301262   0.326469  -0.110743   0.075360  -0.220121   0.523405   0.148851   0.079877  -0.784084
        15   0.287269   0.189843   0.125895   0.626669   0.549709   0.210112   0.110858   0.168713  -0.595547  -1.208857  -0.534339  -0.254476   0.990890  -0.018587  -0.024219  -0.186944  -0.095477   0.314606  -0.253227   0.164362  -0.567252
        16   0.254922  -0.010614   0.187838  -0.336023   0.330152  -0.139446   0.246926   0.190400   0.036451   0.184633   0.404060   0.319896  -0.699336   0.250473  -0.002515   0.068202  -0.246303   0.021843   0.201082  -1.421603   0.158962
        17   0.075672   0.140574   0.217572   0.112788   0.064621   0.481570   0.005220  -0.896562  -0.080715  -0.014148  -0.099382  -0.925774  -0.005816  -0.128289   0.140350  -0.158180   0.026882  -0.082576   0.460516   0.632367   0.033309
        18   0.390518   0.090141   0.644749  -0.248143   0.102835  -0.011952   0.340135   0.066865  -0.253423  -0.408090  -0.161644  -1.147895  -0.545230   0.385125   0.033841  -0.144720  -0.046752  -0.150117  -0.038724   1.306805  -0.204320
        19   0.780724  -0.252615  -0.110026   0.100705  -0.063493   0.273791   0.053487  -0.249507   0.304742  -0.490976   0.383783  -0.810152  -0.282193   0.588295  -0.070282  -0.623632  -0.066807   0.045833   0.252823   0.037147   0.198355
        20   0.632691   0.412521  -1.446897   1.002919   0.469890  -0.096968   0.005186  -0.332641  -0.348282  -0.811469   0.448851   0.081381   0.085674   0.406801  -0.275080  -0.864188   0.484624  -0.721192   0.918209  -0.416271   0.364240
        21   0.198511  -0.037022  -0.134108   0.610558   1.645432  -0.253706   0.105802   0.154797  -0.043331   0.078863   0.025329  -0.447904  -0.011870   0.214031   0.778329  -0.647044  -0.573140  -0.461678  -0.409869  -0.494635  -0.297347
        22  -1.322263  -0.151928   0.486587   0.643846  -0.223653   0.318671   0.229279  -0.061726   0.045904  -0.087640  -0.234582  -0.177843   0.085912  -0.029570  -0.203034  -0.173149  -0.415073  -0.886396   2.000970   0.469494  -0.313804
        23   0.402989  -0.094833  -0.568143   0.530471   0.097855  -1.127761   0.313800   0.339951   0.321204   0.129607   0.347484   0.087047   0.127226   0.051410  -0.816268  -0.104589  -0.322954  -0.692327   0.421690  -0.020847   0.576990
        24   0.215834   0.247012   0.198640  -1.219930   0.110244   0.115435   0.138407   0.166367  -0.408996   0.277182   0.138689  -0.403166  -0.121314   0.325998   0.120216  -0.164964   0.308476   0.364194   0.043209  -0.786523   0.334991