       pos      val_*      val_A      val_C      val_D      val_E      val_F      val_G      val_H      val_I      val_K      val_L      val_M      val_N      val_P      val_Q      val_R      val_S      val_T      val_V      val_W      val_Y
         0   0.466572  -0.034138   0.017325   0.058837   0.290598  -0.067228   0.119785  -0.534409  -0.276041   1.067911   0.109649   1.185691  -0.187198  -0.316885  -2.023132  -0.567489  -0.296628  -0.420481  -0.017592   1.522167  -0.097313
         1   0.169031  -0.071282  -0.344514  -0.059889   0.677143  -0.401717  -1.223502  -0.382147   0.448871   1.489655  -0.028507  -0.382147  -0.649595   0.141100   0.534144  -0.443259  -0.204786   0.584697   0.457422   0.076634  -0.387350
         2   0.442435   0.406214   0.384885  -0.393212   0.207026  -0.197351   0.527615  -0.863216  -0.352391   0.097247   0.284559   0.437485  -1.150895   0.285067   0.212048   0.024181   0.332466   0.899390   0.348724  -1.029547  -0.902729
         3   0.911514  -1.182797   0.093806  -0.940677  -0.721756   1.192417  -1.856573   0.279495   0.815645   0.160282   0.779458   0.744395  -0.109406   0.686481  -0.735555  -0.149339  -1.200593  -1.592432   0.554325   1.885565   0.385746
         4   0.822051  -0.248025   2.069343  -1.108706  -1.305238   0.440533  -0.049548   0.837198  -0.069663  -0.573063  -0.135237  -0.559126   0.774478  -0.402176  -1.004448  -0.238474  -0.527786  -0.260447  -0.348162   1.002775   0.883723
         5  -0.388542  -1.297738   0.295604  -0.217722   0.117546   0.280783  -0.559612   0.336499   0.694885   0.263765   0.825869   1.056345   0.098476   0.115296   0.650877  -2.600337  -1.019841  -0.484767   0.217346   1.056345   0.558922
         6   0.943404  -0.216136   0.209306  -0.226072  -0.354187   0.314666   0.626606  -0.395608   0.005638  -0.630475  -0.187253  -0.262790  -0.084882   0.512689  -0.415844  -0.545080  -0.322380  -0.225486   0.725119   0.694812  -0.166048
         7  -1.092032  -0.540977   0.199557   0.182809  -0.287660   0.499288   0.563832   0.431272  -0.190205   0.358086   0.719350  -0.330869  -0.136615   0.218701   0.965101   0.275904  -0.379046  -1.134574  -0.144836   0.810952  -0.988038
         8   1.238774  -0.492794   1.009992   0.202462   0.016168   0.743104  -0.312911  -0.403167  -0.052955  -0.968107   0.027919  -0.073266  -0.304146  -0.448645   0.160751  -0.915445  -0.219985  -0.333809   1.221805  -0.067019  -0.028726
         9   0.664680  -0.578106   0.477212   0.139831   0.156140  -0.312906  -0.268918  -0.344668  -0.526359   0.561604   0.839768   1.254756  -0.326169   0.577655   1.149396  -0.530250  -0.485276  -0.507569  -0.151245  -0.719624  -1.069951
        10  -0.921922   0.197835   0.224077  -0.043884   0.057287   0.579342  -0.993757  -0.121037   0.291483   0.261488   0.312884  -1.648058  -0.570111   0.374227   0.118386  -0.184428   0.010394   0.232756   0.611467   0.515953   0.695620
        11   0.952718  -0.729013   0.784078   0.014444  -0.020129  -0.430047   0.153927  -0.433429   0.149770   0.825091   0.138515   0.418081   0.786494   0.781309  -0.506761  -0.917218   0.424142   0.217898  -0.306247  -0.903304  -1.400320
        12   1.240805   0.630556   0.441091   0.391791   0.870395   0.163746   0.808619  -0.334041  -1.076513   0.161745  -0.053871   0.384888  -1.026902  -0.843132  -0.308259  -0.452458  -0.238172  -0.850965   0.507365  -0.170728  -0.245962
        13   0.164332   0.001599   0.191620   0.180558   0.012030  -0.025625  -0.058992  -0.195491  -0.043992  -0.017486   0.185356  -0.763808   0.050052   0.498435   0.379793   0.012840   0.154269   0.417365   0.338459  -0.145697  -1.335616
        14   0.358889   0.094487   0.426998   0.614713  -0.065857  -1.137090  -0.402328   0.374490   0.223536  -0.001319   0.245845   0.755907  -0.295193   0.216340  -0.289001  -0.021568   0.093125  -0.574843   0.286506   0.329086  -1.232722
        15   0.699751   0.602857   0.474825  -0.427078   0.359311   0.319655   0.592755   0.424915  -1.067290  -1.904479  -0.853921  -0.525946   0.401244   0.194701   0.107639  -0.416022   0.254946   0.507518  -0.523254   0.864022  -0.086151
        16   0.234556   0.263720   0.274228  -0.705778   0.168999   0.337240  -0.008696  -0.225853   0.523425  -0.206883   0.632380   0.541075  -1.555691  -0.299778   0.024447  -0.283535  -0.822257  -0.153303   0.630902   0.695440  -0.064639
        17   0.398719   0.367928   0.079655   0.184737   0.194702   0.330154   0.176673  -1.479559   0.267793  -0.329322   0.175827  -0.385650  -0.004315  -0.123269   0.060081  -0.171142   0.197363   0.100392   0.533494  -0.749871   0.175608
        18   0.918465   0.170674   0.192726   0.578960   0.358851  -0.069126  -0.269568   0.681927  -0.465731  -0.674516  -0.319413  -0.640815  -0.948918   0.177880   1.569941  -0.394502  -0.104649  -0.233307  -0.203338  -0.209132  -0.116409
        19   1.509432  -0.460535  -0.909282   0.156337  -0.143273   0.445625  -0.009306  -0.366594   0.271645  -1.251120  -0.541656   1.230494  -0.718607   1.131166   0.376351  -0.776576  -0.332306   0.391772   0.248968  -0.338120   0.085586
        20   0.915367   0.151757   0.066080   0.817446   0.265156  -0.270390   0.443881  -0.646292   1.164694  -2.072501   0.353663  -0.390412   0.271411   0.404326  -0.894443  -2.265275   0.327491  -0.019877   0.915236   0.411640   0.051043
        21   0.109001   0.052332  -0.239613   0.831806   0.135385  -0.541705   0.558668   0.303295  -0.173236  -0.372522  -0.210916  -0.510479   0.002127   0.628276   0.581272  -1.053041  -0.425761  -0.645450   0.234142   1.582306  -0.845885
        22   0.520084   0.084896   0.231595  -0.007548   0.445976   0.650704   0.026145  -0.024922   0.268233  -0.112196   0.549475   0.027219  -0.149662  -0.332047   0.000474  -0.161203  -0.787424  -1.588828   0.099054  -0.614896   0.874869
        23   0.634471  -0.175048   0.362755  -0.368134   0.347344   1.210049   0.001688   0.203753   0.353696   0.119200   0.328178   0.126128  -0.310804   0.236514  -0.790800  -0.241793  -0.594131  -1.144595   0.081423  -0.085870  -0.294025
        24   0.157580  -0.091889   0.146240  -0.120309   0.170161   0.054476   0.068391   0.033841  -0.014950   0.092996   0.215799  -0.010308  -0.207320   0.380630   0.029784  -0.150596   0.202822   0.359265  -0.150695  -1.401997   0.236077
