  pos      val_*      val_A      val_C      val_D      val_E      val_F      val_G      val_H      val_I      val_K      val_L      val_M      val_N      val_P      val_Q      val_R      val_S      val_T      val_V      val_W      val_Y
    0  -0.037496  -0.009927  -0.002201  -0.010921  -0.018214   0.001191  -0.017994   0.032166  -0.002528  -0.000442  -0.012484  -0.024163  -0.015059  -0.003314   0.059624   0.007389  -0.000259   0.001551  -0.008905   0.034680   0.027307
    1   0.007274   0.009342   0.019302   0.004585  -0.017241   0.010848   0.056628   0.022726  -0.017665  -0.050725   0.038673  -0.109281   0.037144   0.012254  -0.093590   0.024880   0.012838  -0.022215   0.009943   0.040339   0.003939
    2  -0.055351  -0.012779  -0.057584   0.004902  -0.014117  -0.016664  -0.043795   0.221209   0.078667  -0.010903  -0.042359  -0.041376   0.140247  -0.029878  -0.033871  -0.023764  -0.037971  -0.045141  -0.008157   0.030406  -0.001722
    3  -0.049833   0.038704   0.015501   0.030303   0.025261  -0.018910   0.056649  -0.012866  -0.034950  -0.012876  -0.046376   0.006612   0.010408  -0.033831   0.027174  -0.008720   0.033771   0.054699  -0.036640  -0.005676  -0.038404
    4  -0.042396  -0.040347   0.052627   0.101120   0.029183  -0.065022  -0.006995   0.014271  -0.039094  -0.014638  -0.033736  -0.018714  -0.017150  -0.021048  -0.000313  -0.032359  -0.010938  -0.030433  -0.026815   0.038319   0.164480
    5   0.126743   0.037605  -0.027940  -0.010947   0.028095  -0.048074   0.005178  -0.035632  -0.051259   0.083806  -0.006668  -0.092407  -0.026793  -0.037429   0.017281   0.091792   0.027933   0.004393  -0.034845  -0.025585  -0.025248
    6  -0.062711  -0.005572   0.032464  -0.003125   0.001275   0.156404  -0.045313   0.000341  -0.012081   0.012175   0.000847   0.005436  -0.009041  -0.009619   0.006213   0.011096  -0.003724  -0.003520  -0.029674  -0.041471  -0.000401
    7   0.100884   0.013452  -0.026017  -0.042294  -0.006378  -0.033172  -0.020093  -0.015049   0.000891   0.004106   0.063935   0.020561  -0.005733  -0.024341  -0.030644  -0.025716   0.009620   0.038466   0.010154  -0.075600   0.042967
    8   0.033950   0.018011  -0.066674  -0.022225   0.014760  -0.015550  -0.007356  -0.001123  -0.014375   0.036915  -0.008834   0.002738  -0.009546   0.012697   0.017380   0.011139  -0.010094  -0.007039   0.020581   0.020447  -0.025801
    9  -0.054248  -0.000373  -0.046924  -0.023117   0.130376  -0.007105   0.007100  -0.009230  -0.011455   0.084222   0.029542   0.034976  -0.014865  -0.048026  -0.054324  -0.012202  -0.003394  -0.002654  -0.018499   0.008399   0.011799
   10   0.045429  -0.031938  -0.021841  -0.013718  -0.019752  -0.053131   0.028064  -0.018667  -0.020590   0.096306  -0.023352   0.144094  -0.007013  -0.004176   0.041737  -0.017116  -0.018480  -0.041428  -0.053250   0.037516  -0.048694
   11  -0.064223   0.041761   0.034887  -0.013326  -0.012733   0.080456  -0.029153   0.004506   0.092841  -0.068641  -0.017903  -0.039706   0.006579  -0.061031   0.005794   0.017717   0.001635  -0.021126  -0.012774   0.018306   0.036134
   12  -0.040485   0.003811  -0.041451  -0.030953   0.028411   0.000971  -0.059802  -0.015373   0.030053   0.121958  -0.022261   0.082192   0.024444   0.002093  -0.022666  -0.008054  -0.017107  -0.000901   0.000854  -0.012494  -0.023240
   13  -0.033091  -0.005866  -0.021405  -0.027112  -0.009518  -0.014204   0.005046  -0.019394   0.025730  -0.015026   0.028418   0.099947  -0.024250   0.020200  -0.039629  -0.006022  -0.020658   0.021694  -0.017857  -0.001877   0.054874
   14  -0.051111  -0.011001  -0.083723  -0.052878   0.265699   0.029658   0.000288  -0.076152  -0.046466   0.030738  -0.044192  -0.076011   0.008902   0.049958   0.184407  -0.014031  -0.025518  -0.006432  -0.063223  -0.052031   0.033118
   15  -0.009060  -0.071022   0.038740   0.110069  -0.023775  -0.038306  -0.059209  -0.016700   0.011927   0.045765  -0.003732  -0.013349   0.121187  -0.052533  -0.041002  -0.024795  -0.057815  -0.007025  -0.012842  -0.064384   0.167862
   16  -0.008188  -0.015557  -0.015490   0.021023   0.024578  -0.004142  -0.008942  -0.006149  -0.035846  -0.011131  -0.021131  -0.026729   0.060028   0.070094  -0.002640   0.015230   0.030675  -0.004837  -0.016966  -0.029672  -0.014207
   17  -0.007062  -0.010242  -0.022554  -0.027471   0.007145  -0.022006  -0.023839   0.074579  -0.007802   0.028872  -0.023758   0.098377  -0.003449   0.008118  -0.015147  -0.012478   0.003932   0.054761  -0.020916  -0.060167  -0.018893
   18   0.026053  -0.013945  -0.031428  -0.054943   0.060569  -0.017804  -0.020850   0.045626   0.000364   0.013435  -0.002757   0.001559   0.017543   0.019649  -0.011388  -0.004879  -0.015745  -0.003648  -0.011105   0.011046  -0.007351
   19  -0.068943  -0.000140   0.003866  -0.022147  -0.011767  -0.035116  -0.018549  -0.002509  -0.036584   0.043985   0.029638  -0.028744   0.005669   0.040275   0.047356   0.055424  -0.007180   0.039448  -0.028922   0.015766  -0.020825
   20  -0.057044  -0.010112   0.121100  -0.027607  -0.028032  -0.001766  -0.018709   0.024906  -0.028993   0.072851  -0.031812   0.000428  -0.010119  -0.036225   0.033730   0.074091  -0.004959   0.037211  -0.059142  -0.030415  -0.019381
   21   0.061885  -0.006624  -0.005862  -0.008069   0.056488   0.009410  -0.032800   0.006436  -0.001406   0.001188  -0.028454   0.005625  -0.010498  -0.040536   0.058247   0.008929   0.007919   0.016275  -0.038159  -0.107521   0.047529
   22  -0.046109  -0.024697  -0.026178  -0.010904   0.023535  -0.014386  -0.015328   0.032033  -0.034646  -0.002924  -0.021434  -0.012983  -0.010904  -0.000842   0.077482   0.015111   0.032312   0.065271   0.003867  -0.019088  -0.009186
   23  -0.035080  -0.008128  -0.001335   0.061938  -0.049585  -0.029150   0.015422   0.063341  -0.020410  -0.024524  -0.028851  -0.028451   0.026291  -0.032067   0.051941  -0.009056   0.013549   0.034135  -0.026540  -0.029880   0.056439
   24  -0.040088   0.035170  -0.025842   0.057538  -0.019591  -0.021606  -0.008565   0.015665   0.038160  -0.024716  -0.018157  -0.005745   0.028720  -0.029628  -0.016679  -0.024914  -0.029131  -0.013559   0.045047   0.068474  -0.010551
