  pos      val_*      val_A      val_C      val_D      val_E      val_F      val_G      val_H      val_I      val_K      val_L      val_M      val_N      val_P      val_Q      val_R      val_S      val_T      val_V      val_W      val_Y
    0  -0.013726   0.009623  -0.010332  -0.016559  -0.014388  -0.014956  -0.020509   0.006964   0.015030  -0.008701  -0.021548   0.010584  -0.005845  -0.003265  -0.041618   0.008231  -0.004115   0.000622   0.003143   0.123230  -0.001867
    1   0.006016  -0.019007   0.000416  -0.012145  -0.010585  -0.032213   0.029092  -0.015652  -0.065054   0.123576  -0.019230  -0.010563  -0.005363  -0.024017   0.096961  -0.016682  -0.011618  -0.045379   0.003759   0.017593   0.010095
    2  -0.021841  -0.013822  -0.024628  -0.098375  -0.005228  -0.020704  -0.019693   0.126418   0.099490  -0.015012  -0.028615  -0.011088   0.073775  -0.009506  -0.011466  -0.010821  -0.043339   0.008540   0.013922   0.026370  -0.014379
    3  -0.060092   0.026893   0.006097   0.020974   0.014441   0.135004   0.046819   0.000947  -0.027489  -0.030699  -0.049108  -0.077339  -0.003146   0.001278   0.008702   0.046139   0.012635   0.020878  -0.042126  -0.030844  -0.019963
    4  -0.020026  -0.007926   0.199159  -0.051902  -0.008860  -0.068715  -0.041679   0.227694  -0.044603  -0.026378  -0.037527  -0.024129  -0.029731  -0.046525   0.011909  -0.033712  -0.005336  -0.040860  -0.041911  -0.012537   0.103594
    5   0.062820   0.007765  -0.020792  -0.036177  -0.014094  -0.036355  -0.018751  -0.047491  -0.025859   0.058900   0.027702  -0.014948  -0.031134  -0.040619   0.155409   0.037046  -0.008100  -0.017742  -0.043214   0.003524   0.002109
    6  -0.045947  -0.007216   0.008507  -0.000724   0.010200   0.111647   0.004972   0.011466  -0.019626   0.009468  -0.012651  -0.004718  -0.014094   0.030052  -0.003498  -0.000858  -0.034677   0.002805  -0.013274  -0.017918  -0.013914
    7   0.033713  -0.011887  -0.023769  -0.008478  -0.043001  -0.022369  -0.012477   0.006885  -0.020590  -0.010931   0.025837  -0.012769  -0.031061  -0.026210   0.244630  -0.009187  -0.016696   0.015400  -0.025207  -0.030940  -0.020893
    8   0.040445  -0.021236  -0.038482  -0.035855  -0.057539   0.007709   0.004266  -0.005623   0.005939   0.016694   0.014653   0.010659   0.001682  -0.000132   0.067880   0.025329   0.002789   0.005047  -0.034788   0.018144  -0.027580
    9  -0.023325  -0.012042  -0.072245  -0.048807   0.044602  -0.013411  -0.001644  -0.014203  -0.038755   0.093298   0.001851   0.196681   0.001534  -0.044258   0.030528  -0.016830  -0.015698   0.002662  -0.031193  -0.037487  -0.001256
   10   0.028352  -0.029868  -0.012847  -0.010687  -0.024093  -0.025924   0.027020  -0.015717  -0.025456   0.120427  -0.028386  -0.015335  -0.001925   0.043039   0.010101  -0.009068  -0.024517   0.001605  -0.034587   0.023355   0.004510
   11  -0.032501   0.041036   0.061909  -0.041735  -0.009543   0.016882  -0.026290   0.012434  -0.003549  -0.041040  -0.025552  -0.019006  -0.019397  -0.026598   0.017009   0.030538   0.013071   0.001739  -0.012357   0.038389   0.024561
   12  -0.027083   0.018632  -0.039346  -0.004660  -0.037264  -0.025138  -0.051377  -0.001572  -0.018844   0.115433  -0.009555   0.086908  -0.018716   0.016155   0.018854   0.003431  -0.008092   0.003228   0.013428  -0.020653  -0.013769
   13  -0.029478   0.024172  -0.026915  -0.030192   0.026531  -0.025738   0.004666  -0.008503   0.056069   0.010967  -0.002121  -0.013873  -0.018400   0.023910  -0.003005  -0.055810  -0.017156   0.017543   0.054278  -0.015974   0.029029
   14  -0.004394  -0.018081  -0.026719   0.017062  -0.007318   0.024853  -0.044402   0.008480   0.004630  -0.031276  -0.022079  -0.023306   0.046018   0.033201   0.048730   0.009718   0.000513  -0.014588  -0.030552   0.005387   0.024123
   15  -0.012904  -0.040693   0.043094   0.005955  -0.021237  -0.043771  -0.011837  -0.018848   0.018779   0.040137   0.004986  -0.010173   0.022667  -0.018103  -0.020354  -0.017172  -0.015602  -0.025922  -0.013987   0.004049   0.130935
   16  -0.018229   0.008612  -0.001557   0.005572   0.003262   0.000915  -0.014481  -0.029291  -0.008672  -0.031271  -0.028193  -0.027417   0.025298   0.031772   0.013638  -0.004174  -0.004323  -0.008634  -0.010810   0.126843  -0.028858
   17  -0.012302   0.005928  -0.027368  -0.014401  -0.014968  -0.003625  -0.020905   0.040799  -0.006360   0.002023  -0.012640   0.209506  -0.012824  -0.007613  -0.024607  -0.016115  -0.004603   0.032719  -0.018561  -0.071763  -0.022320
   18   0.046222  -0.032406  -0.042528  -0.014953   0.100815  -0.016742  -0.041258   0.010158  -0.001199  -0.004519  -0.007667   0.017633   0.021183  -0.005700   0.092951   0.008330  -0.013551  -0.005190  -0.013284  -0.095187  -0.003107
   19  -0.018846   0.009308   0.004220  -0.014252  -0.006470  -0.013375  -0.011890   0.003408  -0.028783   0.012290  -0.002914   0.056757   0.009436   0.024924   0.029295   0.033104  -0.006142  -0.018033  -0.024713  -0.017275  -0.020049
   20  -0.053100  -0.029908   0.160262  -0.032943  -0.049538   0.039631  -0.002372  -0.002176   0.126752   0.030201  -0.061003  -0.024100  -0.050267  -0.040784  -0.006791   0.031949  -0.009492   0.045717  -0.064118   0.007423  -0.015343
   21   0.049928  -0.005867  -0.028110  -0.032915  -0.052639   0.013127  -0.024153   0.010452  -0.005240  -0.005906  -0.005978   0.006526  -0.009294  -0.012996   0.002658   0.018349   0.024738   0.020670   0.013876   0.011198   0.011577
   22   0.162880  -0.007949  -0.032773  -0.036013   0.044711  -0.008301  -0.017437   0.012082  -0.002353  -0.008111   0.014681  -0.003784  -0.033604  -0.009095   0.020454   0.007291   0.008754   0.035975  -0.047312  -0.124354   0.024259
   23  -0.008232  -0.005203   0.054723  -0.025695  -0.026667   0.066702  -0.029527   0.042286  -0.040573  -0.020015  -0.033547  -0.026762  -0.009212  -0.024596   0.048553  -0.011793   0.009606   0.029347  -0.012736  -0.019866   0.043207
   24  -0.022740   0.022562  -0.023235   0.094784   0.003100  -0.023607  -0.018482  -0.015473  -0.023549  -0.011619  -0.010000   0.034256   0.076571  -0.021401  -0.037956  -0.009399  -0.029543  -0.023538   0.042334   0.033948  -0.037013
