# POSITION WT A C G T
  0  A 453548.000000  15033.000000  15146.000000  14965.000000
  1  C  15104.000000 453866.000000  14943.000000  14779.000000
  2  A 453725.000000  15124.000000  15089.000000  14754.000000
  3  G  14942.000000  15068.000000 453941.000000  14741.000000
  4  G  14965.000000  15198.000000 453576.000000  14953.000000
  5  T  14738.000000  15095.000000  14826.000000 454033.000000
  6  A 453680.000000  15076.000000  14978.000000  14958.000000
  7  T  15038.000000  15174.000000  15147.000000 453333.000000
  8  A 453435.000000  15208.000000  15117.000000  14932.000000
  9  C  15037.000000 453671.000000  15149.000000  14835.000000
 10  A 454031.000000  15158.000000  14715.000000  14788.000000
 11  G  14733.000000  14976.000000 453990.000000  14993.000000
 12  T  14960.000000  14831.000000  14973.000000 453928.000000
 13  A 454028.000000  14847.000000  14829.000000  14988.000000
 14  C  15079.000000 454017.000000  14708.000000  14888.000000
 15  C  15118.000000 453688.000000  14901.000000  14985.000000
 16  A 453946.000000  14995.000000  14785.000000  14966.000000
 17  T  15177.000000  14826.000000  14641.000000 454048.000000
 18  A 453813.000000  15024.000000  14951.000000  14904.000000
 19  C  14922.000000 453625.000000  15073.000000  15072.000000
 20  C  15227.000000 453656.000000  15012.000000  14797.000000
 21  T  15113.000000  14746.000000  15019.000000 453814.000000