# POSITION WT A C G T
  0  A 91095.000000  2907.000000  2995.000000  3073.000000
  1  C  3018.000000 91104.000000  2987.000000  2961.000000
  2  A 90961.000000  3000.000000  3130.000000  2979.000000
  3  G  3001.000000  3110.000000 90991.000000  2968.000000
  4  G  3032.000000  3005.000000 91117.000000  2916.000000
  5  T  3042.000000  2953.000000  2920.000000 91155.000000
  6  A 91123.000000  3014.000000  2978.000000  2955.000000
  7  T  3062.000000  3040.000000  3001.000000 90967.000000
  8  A 91106.000000  3025.000000  3000.000000  2939.000000
  9  C  3053.000000 91028.000000  2969.000000  3020.000000
 10  A 91147.000000  3041.000000  2960.000000  2922.000000
 11  G  3058.000000  2936.000000 91046.000000  3030.000000
 12  T  2954.000000  2925.000000  2923.000000 91268.000000
 13  A 90843.000000  3127.000000  3065.000000  3035.000000
 14  C  3049.000000 91006.000000  2987.000000  3028.000000
 15  C  3041.000000 90951.000000  2986.000000  3092.000000
 16  A 91105.000000  3035.000000  2966.000000  2964.000000
 17  T  2930.000000  2992.000000  3032.000000 91116.000000
 18  A 91020.000000  2998.000000  2993.000000  3059.000000
 19  C  2964.000000 91012.000000  3056.000000  3038.000000
 20  C  2970.000000 91126.000000  2965.000000  3009.000000
 21  T  2930.000000  2983.000000  3038.000000 91119.000000