# POSITION WT A C G T
  0  A 95387.000000  1767.000000  1626.000000  1220.000000
  1  C  3636.000000 94244.000000   625.000000  1495.000000
  2  A 81725.000000  5650.000000  8168.000000  4457.000000
  3  G  2588.000000  4831.000000 78987.000000 13594.000000
  4  G  1671.000000  1979.000000 94993.000000  1357.000000
  5  T  1873.000000  2028.000000  4127.000000 91972.000000
  6  A 93395.000000  1682.000000  2928.000000  1995.000000
  7  T  4455.000000  1316.000000  6666.000000 87563.000000
  8  A 66847.000000  5478.000000 15845.000000 11830.000000
  9  C  2185.000000 92679.000000  2262.000000  2874.000000
 10  A 89894.000000  2311.000000  2438.000000  5357.000000
 11  G  3535.000000  1915.000000 91445.000000  3105.000000
 12  T  1868.000000  1468.000000  5069.000000 91595.000000
 13  A 95272.000000  1259.000000  2393.000000  1076.000000
 14  C  4552.000000 64306.000000 11639.000000 19503.000000
 15  C  7220.000000 88367.000000  2381.000000  2032.000000
 16  A 93824.000000   909.000000  1920.000000  3347.000000
 17  T   957.000000 17757.000000  1790.000000 79496.000000
 18  A 97602.000000   851.000000   994.000000   553.000000
 19  C  6027.000000 88175.000000  3004.000000  2794.000000
 20  C  4202.000000 83702.000000  1466.000000 10630.000000
 21  T  2181.000000  1711.000000  3927.000000 92181.000000