# POSITION WT A C G T
  0  A 474197.000000   9330.000000   8937.000000   7536.000000
  1  C  18386.000000 468639.000000   4786.000000   8189.000000
  2  A 429426.000000  24014.000000  26050.000000  20510.000000
  3  G  13602.000000  22565.000000 436811.000000  27022.000000
  4  G   8976.000000  10217.000000 473131.000000   7676.000000
  5  T   9837.000000  10286.000000  19530.000000 460347.000000
  6  A 470491.000000   9169.000000  10334.000000  10006.000000
  7  T  21654.000000   7399.000000  25675.000000 445272.000000
  8  A 419111.000000  23649.000000  29159.000000  28081.000000
  9  C   9022.000000 465271.000000  11600.000000  14107.000000
 10  A 455467.000000  10770.000000  11431.000000  22332.000000
 11  G  17586.000000   9476.000000 457016.000000  15922.000000
 12  T   9850.000000   8202.000000  21847.000000 460101.000000
 13  A 471449.000000   8176.000000  13283.000000   7092.000000
 14  C  22629.000000 421760.000000  26541.000000  29070.000000
 15  C  26663.000000 444276.000000  16127.000000  12934.000000
 16  A 466285.000000   5266.000000  10595.000000  17854.000000
 17  T   6692.000000  28079.000000   9936.000000 455293.000000
 18  A 482479.000000   6274.000000   6701.000000   4546.000000
 19  C  24491.000000 444786.000000  16581.000000  14142.000000
 20  C  20139.000000 444007.000000   8427.000000  27427.000000
 21  T  10387.000000   9286.000000  19349.000000 460978.000000