  Training/Test    full-wt    rnap-wt     full-0   full-150   full-500
    full-wt_BVH   0.307534   0.687411   0.461245   0.446736   0.402876
  full-wt_ratio   0.307547   0.687412   0.461242   0.446731   0.402879
    full-wt_dms   0.307591   0.688207   0.461174   0.446658   0.402891
    rnap-wt_BVH   0.288058   0.655360   0.403007   0.412993   0.377524
  rnap-wt_ratio   0.288058   0.655374   0.403009   0.412995   0.377524
    rnap-wt_dms   0.288157   0.655781   0.403052   0.413066   0.377631
     full-0_BVH   0.259995   0.412765   0.484483   0.424686   0.356761
   full-0_ratio   0.259994   0.412764   0.484483   0.424684   0.356760
     full-0_dms   0.260066   0.413164   0.484202   0.424698   0.356804
   full-150_BVH   0.292398   0.544433   0.489379   0.460957   0.394493
 full-150_ratio   0.292406   0.544438   0.489375   0.460958   0.394493
   full-150_dms   0.292546   0.545017   0.489394   0.461019   0.394605
   full-500_BVH   0.312301   0.649201   0.479838   0.457283   0.415343
 full-500_ratio   0.312304   0.649199   0.479838   0.457282   0.415345
   full-500_dms   0.312283   0.649523   0.479438   0.456996   0.415166
