       pos      val_A      val_C      val_G      val_T
         0  -0.125330   0.100496  -0.039922   0.064757
         1   0.131707  -0.571547  -0.294927   0.734767
         2   0.695914   0.558948   0.251908  -1.506770
         3   0.166251   1.338607  -0.381998  -1.122860
         4   1.200292   0.946845  -1.686657  -0.460479
         5  -0.870803   0.716053  -0.194531   0.349281
         6   0.332403  -1.237395   0.683924   0.221068
         7  -0.533617   0.453390   0.222792  -0.142565
         8   0.017438   0.146604   0.069962  -0.234004
         9  -0.033481   0.082830  -0.119329   0.069980
        10   0.162581  -0.095347  -0.072845   0.005611
        11   0.215910  -0.082456  -0.062320  -0.071133
        12  -0.232093   0.165915  -0.065738   0.131915
        13   0.161818   0.134604  -0.132755  -0.163666
        14  -0.195444  -0.141009  -0.010603   0.347057
        15  -0.048316  -0.052599  -0.003721   0.104635
        16   0.135189  -0.041272   0.008511  -0.102428
        17   0.097411   0.123958  -0.101956  -0.119413
        18  -0.043332  -0.065122   0.117123  -0.008669
        19   0.113446  -0.008162   0.080470  -0.185754
        20  -0.052448   0.262653  -0.011512  -0.198694
        21   0.263970   0.034959   0.117389  -0.416318
        22  -0.394774   0.216689  -0.220912   0.398997
        23  -0.038083   0.188969  -0.253061   0.102175
        24   0.113414   0.584463  -0.695213  -0.002664
        25   0.234126   0.167145  -0.149763  -0.251508
        26  -0.231171   0.416016   1.010628  -1.195473
        27  -1.863703   0.446641   0.627306   0.789755
        28  -0.281709   0.364294   0.401988  -0.484573
        29  -0.640348   0.072387   0.201499   0.366463
        30  -0.512590  -0.271202   0.357130   0.426662
        31  -0.048909   0.532406   0.755857  -1.239354
        32  -0.430970   0.173625  -0.073496   0.330841
        33  -0.095004   0.532504  -0.257653  -0.179847