       pos      val_A      val_C      val_G      val_T
         0  -0.053499   0.166321  -0.180852   0.068030
         1   0.239433  -0.610858  -0.798837   1.170262
         2   1.040359   0.244286   0.487500  -1.772146
         3   0.127017   1.574494  -0.272405  -1.429106
         4   2.095814   1.268654  -2.411013  -0.953456
         5  -1.319987   1.138378  -0.264681   0.446289
         6   0.717775  -1.452736   0.930843  -0.195881
         7  -0.839082   0.648048   0.314216  -0.123182
         8  -0.149363   0.229143  -0.020345  -0.059435
         9   0.021033   0.446930  -0.397377  -0.070586
        10  -0.113065   0.083778  -0.045459   0.074745
        11   0.056317   0.225777  -0.228502  -0.053592
        12  -0.315093   0.262996  -0.109117   0.161214
        13   0.044212   0.158498  -0.025613  -0.177097
        14  -0.573985   0.052763   0.062683   0.458538
        15  -0.248575  -0.093879  -0.129949   0.472404
        16  -0.003515   0.214436  -0.051039  -0.159881
        17  -0.137588   0.128639   0.203014  -0.194065
        18  -0.207936   0.143052   0.044958   0.019926
        19  -0.034060   0.116538  -0.018308  -0.064169
        20  -0.109558   0.054071   0.212089  -0.156602
        21   0.043247   0.227933   0.185799  -0.456978
        22  -0.634914   0.268078  -0.248810   0.615647
        23  -0.003030   0.282062  -0.426745   0.147714
        24   0.005503   1.161964  -1.268031   0.100564
        25   0.179563   0.247577  -0.347559  -0.079581
        26  -0.524096   0.907506   1.023544  -1.406954
        27  -2.631341   0.845122   1.256858   0.529361
        28  -0.297024   0.610737   0.355548  -0.669260
        29  -1.122839   0.029480   0.566711   0.526648
        30  -1.024632  -0.199723   0.564281   0.660074
        31   0.011018   0.969371   0.739755  -1.720144
        32  -0.759566   0.438381  -0.020251   0.341436
        33  -0.226765   0.661578  -0.206212  -0.228602
