       pos      val_A      val_C      val_G      val_T
        37  -0.053498   0.166322  -0.180853   0.068029
        38   0.239433  -0.610859  -0.798836   1.170262
        39   1.040360   0.244284   0.487501  -1.772144
        40   0.127019   1.574494  -0.272407  -1.429106
        41   2.095814   1.268656  -2.411012  -0.953458
        42  -1.319987   1.138378  -0.264679   0.446288
        43   0.717775  -1.452736   0.930842  -0.195881
        44  -0.839083   0.648049   0.314213  -0.123180
        45  -0.149363   0.229142  -0.020344  -0.059435
        46   0.021033   0.446930  -0.397378  -0.070585
        47  -0.113065   0.083779  -0.045459   0.074744
        48   0.056317   0.225777  -0.228502  -0.053591
        49  -0.315092   0.262997  -0.109119   0.161214
        50   0.044211   0.158500  -0.025614  -0.177096
        51  -0.573986   0.052765   0.062682   0.458539
        52  -0.248576  -0.093880  -0.129950   0.472405
        53  -0.003516   0.214437  -0.051041  -0.159880
        54  -0.137589   0.128639   0.203016  -0.194066
        55  -0.207937   0.143051   0.044960   0.019926
        56  -0.034061   0.116539  -0.018308  -0.064170
        57  -0.109559   0.054070   0.212091  -0.156602
        58   0.043245   0.227935   0.185798  -0.456978
        59  -0.634914   0.268078  -0.248811   0.615647
        60  -0.003030   0.282062  -0.426744   0.147712
        61   0.005504   1.161964  -1.268030   0.100562
        62   0.179565   0.247576  -0.347559  -0.079582
        63  -0.524097   0.907507   1.023544  -1.406954
        64  -2.631341   0.845123   1.256858   0.529361
        65  -0.297024   0.610733   0.355550  -0.669259
        66  -1.122840   0.029480   0.566708   0.526652
        67  -1.024632  -0.199723   0.564282   0.660072
        68   0.011017   0.969372   0.739755  -1.720144
        69  -0.759565   0.438380  -0.020250   0.341436
        70  -0.226766   0.661580  -0.206211  -0.228603