       pos      val_A      val_C      val_G      val_T
         0   0.013354   0.068534  -0.112930   0.031043
         1   0.385134  -0.556216  -0.965858   1.136940
         2   0.570974   0.358118   0.435080  -1.364172
         3   0.117673   0.636962   0.625788  -1.380423
         4   1.854964   1.360737  -2.658321  -0.557380
         5  -1.338084   1.144143  -0.419468   0.613409
         6   0.876852  -1.318603   1.196036  -0.754284
         7  -0.953983   0.714659   0.419004  -0.179680
         8  -0.409497   0.338499   0.050337   0.020660
         9   0.154152   0.150447  -0.318920   0.014321
        10  -0.165255   0.175361  -0.181190   0.171084
        11   0.088331  -0.049907   0.080175  -0.118599
        12  -0.433412   0.469080  -0.042940   0.007272
        13   0.106387   0.088688   0.021232  -0.216308
        14  -0.807704   0.262314   0.005397   0.539994
        15   0.050113  -0.239751   0.042418   0.147220
        16   0.030916   0.148213   0.102883  -0.282012
        17  -0.006147   0.124973  -0.038711  -0.080116
        18  -0.092347   0.092346   0.087731  -0.087730
        19  -0.000900   0.087720   0.008309  -0.095129
        20  -0.001682   0.066912   0.263232  -0.328461
        21   0.310368   0.347586   0.220942  -0.878897
        22  -0.773889   0.423658  -0.526894   0.877126
        23  -0.062065   0.439100  -0.441148   0.064113
        24   0.133632   1.382550  -1.658118   0.141936
        25   0.385502   0.160449  -0.366759  -0.179192
        26  -0.571073   0.810360   1.089062  -1.328348
        27  -2.106626   1.018860   0.809138   0.278628
        28  -0.249711   0.427269   0.515803  -0.693362
        29  -1.454772   0.210911   0.564496   0.679365
        30  -1.213533  -0.299358   0.642118   0.870773
        31   0.308865   1.034281   0.211052  -1.554198
        32  -0.786475   0.763905  -0.100938   0.123508
        33  -0.244620   0.755325  -0.136522  -0.374182
