       pos      val_A      val_C      val_G      val_T
        37  -0.213442   0.308864  -0.251460   0.156038
        38   0.225406  -0.391639  -0.814154   0.980387
        39   0.196084   0.371533   0.301635  -0.869252
        40  -0.112140   0.389553   0.655041  -0.932453
        41   1.616934   1.859204  -2.792291  -0.683848
        42  -1.211498   1.153366  -0.536739   0.594871
        43   1.067891  -1.039116   0.895765  -0.924539
        44  -1.112838   0.684506   0.401677   0.026656
        45  -0.301840   0.274323   0.221568  -0.194051
        46   0.120881   0.288658  -0.301042  -0.108497
        47  -0.020476   0.049210  -0.288821   0.260087
        48  -0.068182   0.322818  -0.017161  -0.237475
        49  -0.542587   0.537729   0.048988  -0.044129
        50   0.328587   0.147776  -0.045780  -0.430583
        51  -1.236685   0.475987   0.065777   0.694921
        52  -0.091644  -0.243704  -0.111374   0.446722
        53   0.061171   0.219837  -0.018584  -0.262425
        54  -0.084202   0.063477   0.122575  -0.101851
        55  -0.601893   0.210568   0.277001   0.114324
        56  -0.090544   0.131975   0.021301  -0.062733
        57  -0.172249   0.269719   0.192815  -0.290285
        58   0.270497   0.313954   0.330826  -0.915277
        59  -0.864578   0.477566  -0.436591   0.823603
        60   0.158313   0.384098  -0.515523  -0.026889
        61  -0.094050   1.679629  -1.602209   0.016630
        62   0.389618   0.151853  -0.419341  -0.122130
        63  -0.312868   1.184987   0.328181  -1.200300
        64  -1.640249   0.649985   0.522602   0.467663
        65  -0.017601   0.565700   0.433618  -0.981718
        66  -1.652751   0.151949   0.573826   0.926977
        67  -1.225005  -0.465666   0.896321   0.794349
        68   0.298350   1.021671   0.218724  -1.538745
        69  -0.844584   0.580771  -0.053245   0.317057
        70  -0.334758   0.720144   0.031828  -0.417214
