       pos      val_A      val_C      val_G      val_T
        37  -0.125329   0.100496  -0.039924   0.064757
        38   0.131709  -0.571548  -0.294926   0.734765
        39   0.695913   0.558947   0.251910  -1.506770
        40   0.166252   1.338608  -0.382000  -1.122860
        41   1.200290   0.946845  -1.686658  -0.460478
        42  -0.870803   0.716053  -0.194529   0.349279
        43   0.332400  -1.237394   0.683924   0.221069
        44  -0.533617   0.453387   0.222794  -0.142565
        45   0.017437   0.146603   0.069963  -0.234003
        46  -0.033481   0.082830  -0.119329   0.069980
        47   0.162580  -0.095346  -0.072846   0.005612
        48   0.215911  -0.082458  -0.062321  -0.071133
        49  -0.232094   0.165916  -0.065738   0.131916
        50   0.161817   0.134605  -0.132755  -0.163668
        51  -0.195443  -0.141010  -0.010605   0.347059
        52  -0.048316  -0.052599  -0.003722   0.104637
        53   0.135189  -0.041271   0.008512  -0.102430
        54   0.097410   0.123959  -0.101955  -0.119415
        55  -0.043331  -0.065123   0.117124  -0.008670
        56   0.113445  -0.008160   0.080471  -0.185755
        57  -0.052447   0.262653  -0.011512  -0.198693
        58   0.263968   0.034960   0.117389  -0.416317
        59  -0.394776   0.216688  -0.220911   0.398999
        60  -0.038083   0.188968  -0.253061   0.102176
        61   0.113413   0.584466  -0.695213  -0.002666
        62   0.234126   0.167145  -0.149762  -0.251509
        63  -0.231172   0.416017   1.010628  -1.195473
        64  -1.863703   0.446642   0.627306   0.789755
        65  -0.281709   0.364292   0.401990  -0.484572
        66  -0.640350   0.072389   0.201497   0.366464
        67  -0.512589  -0.271202   0.357131   0.426661
        68  -0.048908   0.532406   0.755857  -1.239355
        69  -0.430969   0.173624  -0.073495   0.330840
        70  -0.095004   0.532505  -0.257655  -0.179846
