       pos      val_A      val_C      val_G      val_T
        37   0.013353   0.068536  -0.112930   0.031042
        38   0.385135  -0.556217  -0.965857   1.136940
        39   0.570975   0.358117   0.435078  -1.364170
        40   0.117674   0.636962   0.625788  -1.380424
        41   1.854965   1.360736  -2.658321  -0.557380
        42  -1.338083   1.144143  -0.419469   0.613409
        43   0.876852  -1.318603   1.196036  -0.754285
        44  -0.953984   0.714658   0.419007  -0.179681
        45  -0.409498   0.338500   0.050338   0.020659
        46   0.154151   0.150447  -0.318919   0.014321
        47  -0.165255   0.175362  -0.181190   0.171083
        48   0.088331  -0.049907   0.080174  -0.118599
        49  -0.433412   0.469080  -0.042940   0.007273
        50   0.106389   0.088689   0.021231  -0.216309
        51  -0.807703   0.262313   0.005397   0.539994
        52   0.050115  -0.239750   0.042417   0.147218
        53   0.030916   0.148212   0.102883  -0.282011
        54  -0.006146   0.124972  -0.038710  -0.080117
        55  -0.092348   0.092345   0.087733  -0.087730
        56  -0.000900   0.087719   0.008310  -0.095130
        57  -0.001682   0.066912   0.263232  -0.328462
        58   0.310368   0.347587   0.220942  -0.878897
        59  -0.773889   0.423656  -0.526894   0.877127
        60  -0.062065   0.439099  -0.441147   0.064114
        61   0.133632   1.382550  -1.658119   0.141936
        62   0.385504   0.160448  -0.366760  -0.179192
        63  -0.571072   0.810359   1.089061  -1.328348
        64  -2.106626   1.018859   0.809139   0.278628
        65  -0.249711   0.427271   0.515802  -0.693362
        66  -1.454771   0.210910   0.564497   0.679365
        67  -1.213533  -0.299358   0.642118   0.870772
        68   0.308866   1.034281   0.211052  -1.554199
        69  -0.786475   0.763907  -0.100938   0.123506
        70  -0.244620   0.755322  -0.136521  -0.374180