       pos      val_A      val_C      val_G      val_T
         0  -0.213441   0.308864  -0.251462   0.156039
         1   0.225404  -0.391637  -0.814155   0.980387
         2   0.196086   0.371533   0.301633  -0.869252
         3  -0.112140   0.389554   0.655039  -0.932453
         4   1.616934   1.859203  -2.792291  -0.683845
         5  -1.211498   1.153366  -0.536739   0.594871
         6   1.067891  -1.039116   0.895766  -0.924540
         7  -1.112839   0.684505   0.401678   0.026656
         8  -0.301841   0.274324   0.221568  -0.194051
         9   0.120884   0.288657  -0.301042  -0.108498
        10  -0.020476   0.049211  -0.288822   0.260087
        11  -0.068182   0.322818  -0.017160  -0.237477
        12  -0.542586   0.537729   0.048986  -0.044130
        13   0.328584   0.147778  -0.045778  -0.430584
        14  -1.236684   0.475987   0.065775   0.694922
        15  -0.091645  -0.243704  -0.111373   0.446722
        16   0.061170   0.219839  -0.018584  -0.262424
        17  -0.084201   0.063478   0.122575  -0.101852
        18  -0.601892   0.210567   0.277001   0.114324
        19  -0.090545   0.131976   0.021301  -0.062731
        20  -0.172250   0.269720   0.192815  -0.290285
        21   0.270498   0.313955   0.330824  -0.915277
        22  -0.864578   0.477568  -0.436591   0.823602
        23   0.158313   0.384100  -0.515524  -0.026890
        24  -0.094053   1.679630  -1.602210   0.016633
        25   0.389619   0.151853  -0.419340  -0.122131
        26  -0.312867   1.184986   0.328183  -1.200302
        27  -1.640249   0.649984   0.522601   0.467663
        28  -0.017600   0.565699   0.433618  -0.981716
        29  -1.652750   0.151948   0.573826   0.926977
        30  -1.225004  -0.465667   0.896321   0.794349
        31   0.298348   1.021673   0.218723  -1.538745
        32  -0.844583   0.580773  -0.053246   0.317056
        33  -0.334756   0.720140   0.031827  -0.417211
