       pos      val_A      val_C      val_G      val_T
         0  -0.082394   0.008412  -0.028696   0.102677
         1   0.270447  -0.705033  -0.667494   1.102079
         2   0.501406   0.247652   0.880773  -1.629831
         3   0.049486   1.684817  -0.299568  -1.434736
         4   1.649484   0.914877  -1.630359  -0.934001
         5  -1.066442   0.543154  -0.226611   0.749898
         6   0.504959  -1.762594   0.928881   0.328754
         7  -0.623926   0.447775   0.452742  -0.276591
         8  -0.076896   0.163870   0.044385  -0.131359
         9  -0.039671   0.021442  -0.070616   0.088844
        10  -0.064606   0.163335  -0.075134  -0.023594
        11   0.048055   0.111130  -0.200973   0.041787
        12  -0.114825   0.229047  -0.168621   0.054398
        13   0.144572  -0.087164  -0.109553   0.052145
        14  -0.074211   0.007611  -0.074498   0.141098
        15   0.057406   0.022542  -0.296588   0.216640
        16   0.025248  -0.111544   0.038379   0.047917
        17   0.046982  -0.001749   0.024385  -0.069618
        18   0.125827  -0.071751   0.098503  -0.152579
        19   0.152394  -0.051000   0.026637  -0.128031
        20  -0.097382   0.140250   0.113212  -0.156080
        21  -0.015345   0.152926   0.075991  -0.213573
        22  -0.492388   0.147119  -0.233118   0.578387
        23  -0.095535   0.244941  -0.204752   0.055346
        24  -0.071203   0.460004  -0.414162   0.025360
        25   0.392698   0.234361  -0.300742  -0.326317
        26  -0.814057   0.683619   1.568236  -1.437798
        27  -2.055628   0.745547   0.722385   0.587695
        28  -0.139121   0.144571   0.467937  -0.473386
        29  -0.542912   0.049325   0.174231   0.319356
        30  -0.409531  -0.195758   0.319746   0.285543
        31  -0.201348   1.155073   0.783150  -1.736875
        32  -0.425218   0.278912  -0.100520   0.246826
        33  -0.336509   0.520284   0.073726  -0.257502
