       pos      val_A      val_C      val_G      val_T
         0  -0.213712   0.306592  -0.248365   0.155484
         1   0.222565  -0.391030  -0.809307   0.977772
         2   0.193702   0.370846   0.304681  -0.869229
         3  -0.110612   0.389897   0.654866  -0.934151
         4   1.610660   1.852081  -2.781163  -0.681579
         5  -1.211163   1.152841  -0.534775   0.593097
         6   1.067166  -1.038350   0.890993  -0.919810
         7  -1.113147   0.685223   0.401113   0.026811
         8  -0.299831   0.275978   0.221625  -0.197771
         9   0.121333   0.286354  -0.299790  -0.107898
        10  -0.020964   0.046944  -0.288109   0.262130
        11  -0.069580   0.324317  -0.017994  -0.236743
        12  -0.541018   0.539371   0.046435  -0.044788
        13   0.327727   0.147362  -0.045093  -0.429996
        14  -1.230034   0.469786   0.066430   0.693818
        15  -0.089812  -0.241537  -0.112017   0.443367
        16   0.057382   0.220466  -0.015474  -0.262373
        17  -0.082054   0.061786   0.120135  -0.099866
        18  -0.596327   0.212173   0.270738   0.113417
        19  -0.092320   0.132914   0.020982  -0.061576
        20  -0.174048   0.267287   0.196016  -0.289255
        21   0.264887   0.312943   0.332633  -0.910462
        22  -0.863585   0.479381  -0.436829   0.821032
        23   0.152262   0.384561  -0.510943  -0.025880
        24  -0.103385   1.684694  -1.594323   0.013013
        25   0.387902   0.151069  -0.418154  -0.120817
        26  -0.313505   1.184502   0.329349  -1.200345
        27  -1.641868   0.650398   0.522785   0.468685
        28  -0.016021   0.564773   0.434277  -0.983029
        29  -1.637556   0.142462   0.574575   0.920519
        30  -1.218257  -0.469904   0.890133   0.798029
        31   0.296473   1.023150   0.219539  -1.539162
        32  -0.840137   0.577033  -0.052525   0.315629
        33  -0.333628   0.718521   0.030288  -0.415181