       pos      val_A      val_C      val_G      val_T
         0  -0.080290   0.007090  -0.030047   0.103247
         1   0.273409  -0.705497  -0.669934   1.102022
         2   0.502461   0.244595   0.883164  -1.630220
         3   0.050933   1.684856  -0.300855  -1.434934
         4   1.652776   0.920283  -1.636230  -0.936829
         5  -1.066532   0.544811  -0.228208   0.749929
         6   0.506016  -1.761906   0.924141   0.331748
         7  -0.624009   0.445801   0.452592  -0.274384
         8  -0.077529   0.162307   0.044337  -0.129114
         9  -0.038587   0.021218  -0.069581   0.086950
        10  -0.065807   0.164568  -0.073972  -0.024789
        11   0.048079   0.112493  -0.201430   0.040858
        12  -0.115354   0.231542  -0.170073   0.053885
        13   0.145177  -0.087430  -0.108742   0.050995
        14  -0.074861   0.008643  -0.075792   0.142010
        15   0.059993   0.022296  -0.299794   0.217505
        16   0.026675  -0.111036   0.038236   0.046126
        17   0.047318  -0.001722   0.024853  -0.070449
        18   0.125504  -0.071515   0.097610  -0.151598
        19   0.153478  -0.052114   0.027500  -0.128864
        20  -0.096399   0.143048   0.111746  -0.158395
        21  -0.015420   0.156414   0.073975  -0.214969
        22  -0.493541   0.145836  -0.232003   0.579709
        23  -0.095853   0.250537  -0.208906   0.054222
        24  -0.070437   0.458894  -0.415478   0.027020
        25   0.393171   0.236420  -0.302089  -0.327503
        26  -0.815756   0.680525   1.573397  -1.438166
        27  -2.056272   0.751190   0.721087   0.583995
        28  -0.138841   0.144261   0.469407  -0.474827
        29  -0.542015   0.049547   0.174085   0.318383
        30  -0.409536  -0.196472   0.323079   0.282928
        31  -0.204551   1.156786   0.784410  -1.736645
        32  -0.426441   0.279050  -0.102153   0.249544
        33  -0.339642   0.523418   0.074749  -0.258525
