       pos      val_A      val_C      val_G      val_T
         0  -0.125838   0.101136  -0.040418   0.065120
         1   0.133434  -0.571571  -0.293715   0.731852
         2   0.694301   0.561031   0.256057  -1.511389
         3   0.163977   1.341194  -0.378956  -1.126215
         4   1.199430   0.939332  -1.679118  -0.459643
         5  -0.871124   0.715188  -0.193954   0.349889
         6   0.332408  -1.239271   0.686777   0.220086
         7  -0.533543   0.450446   0.221729  -0.138632
         8   0.019443   0.145451   0.068997  -0.233890
         9  -0.033564   0.082575  -0.119884   0.070873
        10   0.162521  -0.097812  -0.071001   0.006292
        11   0.214894  -0.082548  -0.061119  -0.071227
        12  -0.231361   0.163345  -0.065758   0.133774
        13   0.162877   0.131331  -0.131747  -0.162461
        14  -0.194796  -0.140027  -0.009502   0.344325
        15  -0.048757  -0.052118  -0.003002   0.103877
        16   0.132240  -0.037953   0.007828  -0.102116
        17   0.099688   0.119749  -0.101280  -0.118157
        18  -0.044226  -0.064802   0.117890  -0.008862
        19   0.112742  -0.007127   0.080923  -0.186537
        20  -0.050882   0.261563  -0.011965  -0.198717
        21   0.261421   0.033891   0.118081  -0.413393
        22  -0.392198   0.217824  -0.222314   0.396688
        23  -0.038723   0.186570  -0.251711   0.103865
        24   0.111391   0.584866  -0.692675  -0.003582
        25   0.232577   0.166647  -0.149943  -0.249282
        26  -0.229699   0.416618   1.009192  -1.196111
        27  -1.866550   0.446877   0.636312   0.783361
        28  -0.279725   0.364053   0.401252  -0.485580
        29  -0.637043   0.070616   0.201211   0.365216
        30  -0.509298  -0.271043   0.353116   0.427226
        31  -0.045999   0.535284   0.754326  -1.243611
        32  -0.429320   0.172489  -0.073171   0.330003
        33  -0.095671   0.529388  -0.254510  -0.179208