       pos      val_A      val_C      val_G      val_T
         0   0.012867   0.068891  -0.111044   0.029286
         1   0.383643  -0.554738  -0.963583   1.134678
         2   0.570996   0.361880   0.433504  -1.366380
         3   0.118437   0.639693   0.624729  -1.382858
         4   1.851455   1.354119  -2.646990  -0.558585
         5  -1.337702   1.145226  -0.417659   0.610135
         6   0.876360  -1.320344   1.195191  -0.751207
         7  -0.954225   0.714110   0.421712  -0.181596
         8  -0.408016   0.339304   0.049423   0.019290
         9   0.150739   0.147375  -0.313595   0.015480
        10  -0.165021   0.172548  -0.181644   0.174117
        11   0.090082  -0.052952   0.079948  -0.117077
        12  -0.433532   0.468800  -0.041737   0.006469
        13   0.108450   0.089178   0.019004  -0.216632
        14  -0.799383   0.255358   0.006378   0.537647
        15   0.047015  -0.238177   0.043513   0.147649
        16   0.032174   0.147520   0.101654  -0.281348
        17  -0.007496   0.126485  -0.040110  -0.078879
        18  -0.095064   0.093650   0.088138  -0.086724
        19  -0.002404   0.087872   0.011972  -0.097439
        20  -0.002706   0.064796   0.266127  -0.328216
        21   0.308398   0.344311   0.222060  -0.874769
        22  -0.768823   0.426424  -0.531040   0.873439
        23  -0.062670   0.435349  -0.439070   0.066390
        24   0.125894   1.385756  -1.646875   0.135225
        25   0.386014   0.157816  -0.366394  -0.177436
        26  -0.572626   0.811232   1.092739  -1.331345
        27  -2.105328   1.016749   0.810191   0.278389
        28  -0.248573   0.426307   0.515561  -0.693294
        29  -1.440235   0.201052   0.565287   0.673897
        30  -1.202290  -0.307775   0.634735   0.875329
        31   0.311369   1.029559   0.212973  -1.553901
        32  -0.782966   0.760463  -0.099574   0.122077
        33  -0.243213   0.748948  -0.133922  -0.371812