       pos      val_A      val_C      val_G      val_T
         0  -0.052263   0.163840  -0.180064   0.068487
         1   0.238129  -0.611674  -0.793231   1.166776
         2   1.042680   0.245534   0.487154  -1.775368
         3   0.127612   1.566980  -0.265801  -1.428791
         4   2.097145   1.256653  -2.401128  -0.952670
         5  -1.319135   1.137868  -0.262709   0.443976
         6   0.715520  -1.452158   0.931853  -0.195215
         7  -0.839816   0.645922   0.313469  -0.119575
         8  -0.146313   0.229631  -0.022374  -0.060944
         9   0.021231   0.442841  -0.395280  -0.068792
        10  -0.115065   0.083699  -0.043838   0.075203
        11   0.056317   0.220190  -0.227400  -0.049107
        12  -0.313519   0.259945  -0.107695   0.161270
        13   0.040620   0.158551  -0.023766  -0.175405
        14  -0.573560   0.053455   0.064748   0.455357
        15  -0.247099  -0.093087  -0.129152   0.469337
        16  -0.006847   0.212108  -0.048558  -0.156703
        17  -0.135096   0.126319   0.201625  -0.192848
        18  -0.209079   0.144610   0.043083   0.021387
        19  -0.032896   0.119191  -0.020053  -0.066242
        20  -0.109353   0.052167   0.213922  -0.156737
        21   0.041469   0.224063   0.187947  -0.453478
        22  -0.632835   0.268900  -0.247406   0.611341
        23  -0.002867   0.280390  -0.429889   0.152367
        24  -0.001951   1.165422  -1.260102   0.096631
        25   0.178305   0.248996  -0.346921  -0.080380
        26  -0.518107   0.905538   1.018067  -1.405498
        27  -2.631095   0.846034   1.255758   0.529304
        28  -0.294322   0.605689   0.356135  -0.667503
        29  -1.118832   0.027456   0.570463   0.520913
        30  -1.017901  -0.205325   0.559496   0.663730
        31   0.010594   0.967422   0.744892  -1.722909
        32  -0.757106   0.435903  -0.018423   0.339627
        33  -0.225245   0.660114  -0.208487  -0.226382
