       pos      val_A      val_C      val_G      val_T
        37  -0.080291   0.007090  -0.030047   0.103248
        38   0.273410  -0.705498  -0.669934   1.102022
        39   0.502461   0.244595   0.883164  -1.630220
        40   0.050931   1.684856  -0.300854  -1.434932
        41   1.652778   0.920283  -1.636230  -0.936831
        42  -1.066531   0.544809  -0.228208   0.749930
        43   0.506016  -1.761905   0.924141   0.331748
        44  -0.624009   0.445800   0.452591  -0.274382
        45  -0.077531   0.162309   0.044336  -0.129115
        46  -0.038588   0.021217  -0.069579   0.086950
        47  -0.065806   0.164568  -0.073973  -0.024789
        48   0.048080   0.112495  -0.201431   0.040856
        49  -0.115356   0.231544  -0.170073   0.053885
        50   0.145175  -0.087429  -0.108741   0.050996
        51  -0.074863   0.008644  -0.075793   0.142011
        52   0.059993   0.022296  -0.299794   0.217504
        53   0.026675  -0.111037   0.038235   0.046127
        54   0.047318  -0.001722   0.024853  -0.070449
        55   0.125503  -0.071516   0.097609  -0.151596
        56   0.153479  -0.052114   0.027499  -0.128864
        57  -0.096399   0.143049   0.111746  -0.158396
        58  -0.015422   0.156416   0.073977  -0.214970
        59  -0.493541   0.145837  -0.232002   0.579707
        60  -0.095853   0.250537  -0.208906   0.054222
        61  -0.070437   0.458896  -0.415478   0.027019
        62   0.393172   0.236421  -0.302088  -0.327504
        63  -0.815757   0.680526   1.573396  -1.438165
        64  -2.056272   0.751190   0.721088   0.583994
        65  -0.138841   0.144262   0.469407  -0.474828
        66  -0.542014   0.049546   0.174084   0.318384
        67  -0.409535  -0.196471   0.323080   0.282926
        68  -0.204549   1.156786   0.784409  -1.736646
        69  -0.426442   0.279050  -0.102152   0.249544
        70  -0.339643   0.523419   0.074748  -0.258525