-2.441482596174978870e+00
-2.379097827210325811e+00
-2.316713058245672752e+00
-2.254328289281019693e+00
-2.191943520316366634e+00
-2.129558751351713131e+00
-2.067173982387060072e+00
-2.004789213422407013e+00
-1.942404444457753732e+00
-1.880019675493100451e+00
-1.817634906528447614e+00
-1.755250137563794111e+00
-1.692865368599141274e+00
-1.630480599634487993e+00
-1.568095830669834712e+00
-1.505711061705181653e+00
-1.443326292740528372e+00
-1.380941523775875535e+00
-1.318556754811222254e+00
-1.256171985846569417e+00
-1.193787216881915914e+00
-1.131402447917262633e+00
-1.069017678952609574e+00
-1.006632909987956515e+00
-9.442481410233034556e-01
-8.818633720586502855e-01
-8.194786030939970045e-01
-7.570938341293438345e-01
-6.947090651646907755e-01
-6.323242962000377165e-01
-5.699395272353843245e-01
-5.075547582707311545e-01
-4.451699893060780955e-01
-3.827852203414249810e-01
-3.204004513767718665e-01
-2.580156824121188075e-01
-1.956309134474654432e-01
-1.332461444828121067e-01
-7.086137551815922808e-02
-8.476606553505882866e-03
5.390816241114698010e-02
1.162929313758003236e-01
1.786777003404536601e-01
2.410624693051065248e-01
3.034472382697598891e-01
3.658320072344127261e-01
4.282167761990661181e-01
4.906015451637194547e-01
5.529863141283722916e-01
6.153710830930256837e-01
6.777558520576785206e-01
7.401406210223319126e-01
8.025253899869851937e-01
8.649101589516380306e-01
9.272949279162914227e-01
9.896796968809448147e-01
1.052064465845597541e+00
1.114449234810251044e+00
1.176834003774903881e+00
1.239218772739557384e+00
1.301603541704210665e+00
1.363988310668863502e+00
1.426373079633516783e+00
1.488757848598169620e+00
1.551142617562823123e+00
1.613527386527476404e+00
1.675912155492129241e+00
1.738296924456782744e+00
1.800681693421435581e+00
1.863066462386088862e+00
1.925451231350741699e+00
1.987836000315394980e+00
2.050220769280048483e+00
2.112605538244701542e+00
2.174990307209355045e+00
2.237375076174007660e+00
2.299759845138660719e+00
2.362144614103314222e+00
2.424529383067967725e+00
2.486914152032620784e+00
2.549298920997273399e+00
2.611683689961926458e+00
2.674068458926579961e+00
2.736453227891233464e+00
2.798837996855886523e+00
2.861222765820539138e+00
2.923607534785192197e+00
2.985992303749845700e+00
3.048377072714499203e+00
3.110761841679152262e+00
3.173146610643804877e+00
3.235531379608457936e+00
3.297916148573111439e+00
3.360300917537764942e+00
3.422685686502418001e+00
3.485070455467070616e+00
3.547455224431723675e+00
3.609839993396377178e+00
3.672224762361030681e+00
3.734609531325683740e+00
