  Training/Test    full-wt     crp-wt     full-0   full-150   full-500
    full-wt_BVH   0.125825   0.578947   0.000736   0.104175   0.184137
  full-wt_ratio   0.125825   0.578837   0.000736   0.104175   0.184085
    full-wt_dms   0.125572   0.578932   0.000767   0.104090   0.183886
     crp-wt_BVH   0.127420   0.610688   0.000749   0.105320   0.189055
   crp-wt_ratio   0.127419   0.610688   0.000749   0.105320   0.189055
     crp-wt_dms   0.127420   0.610658   0.000746   0.105329   0.189045
     full-0_BVH   0.013898   0.017144   0.008131   0.011343   0.018284
   full-0_ratio   0.013894   0.017143   0.008127   0.011328   0.018286
     full-0_dms   0.031195   0.124662   0.004569   0.050012   0.048157
   full-150_BVH   0.097571   0.420854   0.001093   0.096637   0.148940
 full-150_ratio   0.097575   0.420853   0.001093   0.096637   0.148940
   full-150_dms   0.097404   0.420986   0.001110   0.096722   0.148702
   full-500_BVH   0.122755   0.585267   0.000672   0.106444   0.188085
 full-500_ratio   0.122756   0.585244   0.000672   0.106442   0.188084
   full-500_dms   0.122537   0.585318   0.000700   0.106466   0.187697
