       pos      val_A      val_C      val_G      val_T
         3  -0.591191   0.583291   0.359821  -0.351920
         4  -0.523442   0.397572   0.601647  -0.475776
         5  -0.055657   0.097220   0.058187  -0.099750
         6   0.354896  -0.399197   1.032439  -0.988139
         7   0.239152   1.332344  -1.614153   0.042657
         8   0.106807   0.327588   0.748852  -1.183247
         9   0.946456   0.688851  -1.920974   0.285667
        10  -1.221674   0.079525   0.369236   0.772913
        11   0.381836  -0.372177   0.195021  -0.204680
        12   0.085729  -0.407842   0.137394   0.184719
        13   0.265422   0.000142   0.042872  -0.308435
        14  -0.324034   0.199456  -0.033687   0.158265
        15   0.341863  -0.048058  -0.402445   0.108640
        16  -0.547676   0.224311  -0.164852   0.488217
        17   0.926876   0.314100   0.140698  -1.381674
        18   0.594439  -1.877293   1.250104   0.032749
        19  -1.062335   0.786541   0.244852   0.030942
        20  -0.352258  -1.327791   1.324988   0.355062
        21  -1.079858   0.805303  -0.435361   0.709916
        22  -0.364617   0.302819   0.087573  -0.025774
        23  -0.186585   0.317942   0.876899  -1.008256
        24  -0.453152   0.474558   0.553303  -0.574709