       pos      val_A      val_C      val_G      val_T
         0  -0.591193   0.583292   0.359822  -0.351920
         1  -0.523440   0.397572   0.601644  -0.475775
         2  -0.055656   0.097222   0.058185  -0.099751
         3   0.354896  -0.399197   1.032440  -0.988139
         4   0.239150   1.332346  -1.614152   0.042656
         5   0.106805   0.327589   0.748852  -1.183246
         6   0.946456   0.688851  -1.920974   0.285666
         7  -1.221674   0.079527   0.369233   0.772914
         8   0.381834  -0.372177   0.195022  -0.204678
         9   0.085729  -0.407843   0.137396   0.184718
        10   0.265423   0.000143   0.042870  -0.308436
        11  -0.324033   0.199454  -0.033688   0.158267
        12   0.341861  -0.048060  -0.402444   0.108643
        13  -0.547676   0.224311  -0.164852   0.488217
        14   0.926876   0.314098   0.140700  -1.381674
        15   0.594439  -1.877294   1.250104   0.032751
        16  -1.062334   0.786542   0.244849   0.030943
        17  -0.352258  -1.327792   1.324986   0.355065
        18  -1.079858   0.805303  -0.435361   0.709916
        19  -0.364617   0.302820   0.087573  -0.025776
        20  -0.186584   0.317943   0.876898  -1.008257
        21  -0.453153   0.474559   0.553303  -0.574710
