       pos      val_A      val_C      val_G      val_T
         0  -0.343974   0.456019   0.161377  -0.273422
         1  -0.269714   0.255003   0.455036  -0.440325
         2  -0.076340   0.303012  -0.044564  -0.182108
         3   0.012099   0.084729   0.313209  -0.410037
         4   0.176764   0.391088  -0.496261  -0.071591
         5   0.080961  -0.119156   0.487399  -0.449204
         6   0.083115   0.295339  -0.517495   0.139041
         7  -0.447860   0.078456   0.088895   0.280509
         8   0.178471  -0.185235   0.207668  -0.200904
         9  -0.138598  -0.277291   0.239737   0.176152
        10   0.015547  -0.153532   0.361800  -0.223815
        11  -0.139259   0.201728  -0.075903   0.013434
        12   0.056286   0.106918  -0.188559   0.025356
        13  -0.745069   0.279122   0.203114   0.262832
        14   0.417053   0.305407  -0.160819  -0.561642
        15   0.198750  -0.456819   0.278795  -0.020726
        16  -0.483531   0.304008   0.048158   0.131365
        17  -0.046704  -0.505608   0.271402   0.280909
        18  -1.546526   0.956492  -0.205051   0.795085
        19  -0.163885   0.345976   0.013911  -0.196002
        20  -0.191963   0.426302   0.582692  -0.817031
        21   0.072588  -0.350038   0.403798  -0.126348