       pos      val_A      val_C      val_G      val_T
         0  -0.160583   0.099369   0.178718  -0.117503
         1   0.004667   0.025168   0.135079  -0.164913
         2   0.003067   0.069593   0.010869  -0.083529
         3  -0.020023   0.081876   0.022604  -0.084457
         4  -0.139173   0.145091   0.003150  -0.009068
         5  -0.021676  -0.191185   0.232805  -0.019945
         6  -0.121308   0.169651  -0.076771   0.028427
         7  -0.107603  -0.086613   0.080487   0.113730
         8  -0.157145   0.059871   0.098805  -0.001530
         9  -0.197648   0.192037   0.060181  -0.054569
        10  -0.149086   0.048688   0.228500  -0.128102
        11  -0.011829   0.170074  -0.153365  -0.004881
        12  -0.108802   0.243823   0.018410  -0.153430
        13  -0.268566   0.146090   0.202759  -0.080283
        14   0.124365   0.082332  -0.055625  -0.151072
        15   0.032290   0.036962   0.156571  -0.225823
        16  -0.112878   0.216042  -0.237675   0.134511
        17  -0.067233  -0.108046   0.068908   0.106371
        18  -0.577396   0.201520   0.127805   0.248071
        19  -0.059967   0.118714   0.107315  -0.166062
        20  -0.175059   0.167406   0.247880  -0.240227
        21   0.103642  -0.269947   0.053636   0.112669