       pos      val_A      val_C      val_G      val_T
         0  -0.588825   0.581729   0.357852  -0.350756
         1  -0.522720   0.397822   0.599752  -0.474854
         2  -0.055029   0.095301   0.058368  -0.098639
         3   0.355838  -0.396897   1.028386  -0.987327
         4   0.236361   1.334396  -1.612603   0.041846
         5   0.103377   0.330061   0.748441  -1.181878
         6   0.943159   0.688486  -1.919172   0.287528
         7  -1.220731   0.078768   0.369155   0.772808
         8   0.382027  -0.371148   0.196056  -0.206935
         9   0.084688  -0.406416   0.135311   0.186417
        10   0.266894  -0.000282   0.040858  -0.307470
        11  -0.322862   0.196802  -0.032059   0.158119
        12   0.342148  -0.050012  -0.401849   0.109713
        13  -0.546635   0.225170  -0.163142   0.484607
        14   0.925790   0.312974   0.139523  -1.378287
        15   0.596261  -1.876249   1.250239   0.029749
        16  -1.062308   0.787788   0.245013   0.029507
        17  -0.351518  -1.327214   1.322699   0.356033
        18  -1.076083   0.803170  -0.438096   0.711009
        19  -0.363052   0.302641   0.086474  -0.026062
        20  -0.185180   0.314435   0.877274  -1.006529
        21  -0.452047   0.472236   0.553554  -0.573743