       pos      val_A      val_C      val_G      val_T
         0  -0.246654   0.243752   0.239025  -0.236123
         1  -0.361031   0.403806   0.510017  -0.552792
         2   0.012187   0.154693   0.014928  -0.181808
         3   0.119397   0.000636   0.548953  -0.668986
         4   0.310567   0.399913  -0.900394   0.189914
         5  -0.003682   0.546791   0.177111  -0.720220
         6   0.240940   0.641836  -0.923215   0.040439
         7  -0.760078  -0.011295   0.284148   0.487225
         8   0.372869  -0.223651   0.106674  -0.255893
         9   0.199868  -0.314351  -0.076932   0.191415
        10   0.119352  -0.015942   0.070749  -0.174160
        11  -0.202472   0.066849  -0.055798   0.191421
        12   0.248551  -0.092705  -0.228169   0.072323
        13  -0.473674   0.093069   0.080141   0.300463
        14   0.408148   0.388640   0.003342  -0.800130
        15   0.132852  -0.931210   0.566269   0.232088
        16  -0.742320   0.302727   0.345269   0.094325
        17   0.129613  -0.901781   0.591311   0.180857
        18  -0.670685   0.452449  -0.217293   0.435529
        19  -0.289283   0.358729  -0.024651  -0.044795
        20  -0.161269   0.232857   0.576425  -0.648013
        21  -0.289021   0.209840   0.515498  -0.436318
