       pos      val_A      val_C      val_G      val_T
         0  -0.380403   0.547356   0.207343  -0.374295
         1  -0.330080   0.533356   0.449676  -0.652952
         2  -0.011000   0.148448   0.075537  -0.212985
         3   0.325471   0.004556   0.544075  -0.874102
         4   0.248946   0.822605  -1.041298  -0.030252
         5  -0.051237   0.289662   0.543615  -0.782040
         6   0.422437   0.682455  -1.190373   0.085481
         7  -0.875227  -0.178183   0.461894   0.591516
         8   0.489522  -0.306080   0.140418  -0.323860
         9   0.183111  -0.455194  -0.017495   0.289578
        10   0.302994  -0.038967   0.006396  -0.270423
        11  -0.255777   0.227386  -0.068008   0.096399
        12   0.220817  -0.048566  -0.388656   0.216405
        13  -0.555542   0.264258   0.017999   0.273285
        14   0.238303   0.240230   0.392689  -0.871221
        15   0.365789  -1.043787   0.628585   0.049413
        16  -0.805461   0.445212   0.118431   0.241819
        17   0.050540  -0.854846   0.591572   0.212734
        18  -1.030206   0.774837  -0.366571   0.621940
        19  -0.434503   0.380129   0.211976  -0.157601
        20  -0.153582   0.328701   0.673350  -0.848468
        21   0.000431   0.035789   0.411555  -0.447776