       pos      val_A      val_C      val_G      val_T
         0  -0.079338   0.058751   0.138942  -0.118355
         1   0.073105  -0.096274   0.124222  -0.101053
         2   0.010728   0.059160   0.093369  -0.163258
         3  -0.035726   0.030006   0.103496  -0.097777
         4   0.005059  -0.043079   0.144835  -0.106815
         5   0.104488  -0.221011   0.065637   0.050886
         6  -0.097773   0.109383   0.012313  -0.023923
         7  -0.083363   0.003169   0.043282   0.036912
         8  -0.206545   0.039549   0.162589   0.004407
         9  -0.147640   0.259068   0.006324  -0.117752
        10  -0.215556   0.102742   0.236010  -0.123196
        11   0.037783  -0.108668  -0.065163   0.136048
        12  -0.173291   0.335705   0.094228  -0.256642
        13  -0.060733   0.045160   0.089345  -0.073771
        14  -0.132829  -0.040015   0.124390   0.048453
        15   0.107305   0.260756   0.027990  -0.396051
        16  -0.040359   0.104889  -0.229792   0.165262
        17   0.019281  -0.095419   0.112008  -0.035869
        18  -0.106183   0.016404  -0.025789   0.115569
        19  -0.063061   0.013244   0.142392  -0.092576
        20  -0.083947   0.205592   0.107955  -0.229599
        21   0.043009  -0.317005   0.139477   0.134519
