       pos      val_A      val_C      val_G      val_T
         0  -0.381553   0.550341   0.206041  -0.374830
         1  -0.330893   0.534496   0.452531  -0.656135
         2  -0.013676   0.150440   0.078470  -0.215234
         3   0.328734   0.003385   0.543347  -0.875466
         4   0.250581   0.823143  -1.041397  -0.032327
         5  -0.052324   0.289426   0.545023  -0.782124
         6   0.422931   0.685676  -1.190639   0.082032
         7  -0.878127  -0.180849   0.463507   0.595470
         8   0.490108  -0.306486   0.140061  -0.323683
         9   0.181855  -0.452882  -0.014578   0.285605
        10   0.307328  -0.041160   0.005330  -0.271498
        11  -0.256878   0.230021  -0.069767   0.096625
        12   0.222982  -0.047604  -0.390248   0.214869
        13  -0.557766   0.261987   0.018949   0.276830
        14   0.237701   0.242210   0.390031  -0.869942
        15   0.364031  -1.044395   0.629457   0.050907
        16  -0.805437   0.444378   0.116841   0.244219
        17   0.054155  -0.854832   0.590680   0.209998
        18  -1.039146   0.785550  -0.366399   0.619995
        19  -0.437004   0.378301   0.214635  -0.155933
        20  -0.154909   0.332759   0.674580  -0.852430
        21   0.000346   0.037649   0.411990  -0.449985
