       pos      val_A      val_C      val_G      val_T
         0  -0.347685   0.460307   0.161773  -0.274395
         1  -0.269890   0.258142   0.454759  -0.443012
         2  -0.076039   0.307278  -0.046388  -0.184851
         3   0.010475   0.086476   0.313691  -0.410643
         4   0.178727   0.388689  -0.496040  -0.071376
         5   0.083623  -0.119651   0.484954  -0.448927
         6   0.084526   0.295683  -0.518003   0.137794
         7  -0.449228   0.078407   0.089775   0.281046
         8   0.182453  -0.183898   0.205391  -0.203947
         9  -0.139710  -0.276515   0.242963   0.173263
        10   0.013696  -0.149695   0.358816  -0.222817
        11  -0.141140   0.204851  -0.078608   0.014897
        12   0.055461   0.108558  -0.190380   0.026361
        13  -0.750948   0.277801   0.206281   0.266866
        14   0.415990   0.308123  -0.162401  -0.561712
        15   0.202454  -0.457987   0.278354  -0.022821
        16  -0.484566   0.304990   0.047879   0.131698
        17  -0.045269  -0.507719   0.272419   0.280568
        18  -1.558663   0.965514  -0.198715   0.791863
        19  -0.163671   0.345804   0.013717  -0.195851
        20  -0.193021   0.428832   0.585180  -0.820991
        21   0.072617  -0.348888   0.404231  -0.127960