       pos      val_A      val_C      val_G      val_T
         3  -0.247226   0.243629   0.240172  -0.236576
         4  -0.360263   0.406727   0.510059  -0.556523
         5   0.011037   0.158106   0.011480  -0.180623
         6   0.118567  -0.001477   0.551194  -0.668283
         7   0.308783   0.396277  -0.897705   0.192646
         8  -0.003380   0.545266   0.176615  -0.718501
         9   0.242789   0.641758  -0.922241   0.037694
        10  -0.759336  -0.009385   0.283592   0.485129
        11   0.374102  -0.223810   0.105430  -0.255722
        12   0.201064  -0.315811  -0.075980   0.190727
        13   0.120365  -0.014954   0.069383  -0.174795
        14  -0.202438   0.066181  -0.055148   0.191405
        15   0.249684  -0.093906  -0.229163   0.073385
        16  -0.476861   0.091923   0.082507   0.302431
        17   0.406945   0.386530   0.003703  -0.797178
        18   0.130704  -0.929283   0.566639   0.231940
        19  -0.739774   0.301797   0.342018   0.095959
        20   0.127838  -0.900877   0.591507   0.181531
        21  -0.675294   0.459093  -0.217264   0.433466
        22  -0.289353   0.358243  -0.024841  -0.044049
        23  -0.163706   0.236677   0.580746  -0.653717
        24  -0.290934   0.213509   0.513262  -0.435836
