       pos      val_A      val_C      val_G      val_T
         3  -0.079336   0.058749   0.138941  -0.118354
         4   0.073106  -0.096275   0.124222  -0.101054
         5   0.010728   0.059160   0.093370  -0.163257
         6  -0.035725   0.030008   0.103496  -0.097779
         7   0.005059  -0.043079   0.144834  -0.106813
         8   0.104488  -0.221012   0.065636   0.050887
         9  -0.097771   0.109385   0.012311  -0.023924
        10  -0.083363   0.003167   0.043284   0.036911
        11  -0.206544   0.039548   0.162589   0.004407
        12  -0.147641   0.259070   0.006323  -0.117752
        13  -0.215556   0.102742   0.236011  -0.123197
        14   0.037783  -0.108667  -0.065163   0.136047
        15  -0.173292   0.335706   0.094227  -0.256642
        16  -0.060733   0.045160   0.089346  -0.073773
        17  -0.132828  -0.040016   0.124389   0.048455
        18   0.107304   0.260756   0.027991  -0.396051
        19  -0.040358   0.104890  -0.229792   0.165260
        20   0.019280  -0.095420   0.112008  -0.035868
        21  -0.106184   0.016404  -0.025789   0.115568
        22  -0.063061   0.013242   0.142394  -0.092576
        23  -0.083949   0.205593   0.107955  -0.229599
        24   0.043009  -0.317005   0.139477   0.134519
