       pos      val_A      val_C      val_G      val_T
         3  -0.381552   0.550339   0.206044  -0.374831
         4  -0.330895   0.534498   0.452533  -0.656135
         5  -0.013678   0.150442   0.078469  -0.215233
         6   0.328735   0.003383   0.543349  -0.875467
         7   0.250579   0.823143  -1.041397  -0.032326
         8  -0.052325   0.289425   0.545024  -0.782124
         9   0.422932   0.685675  -1.190640   0.082033
        10  -0.878129  -0.180849   0.463508   0.595470
        11   0.490111  -0.306487   0.140058  -0.323682
        12   0.181855  -0.452881  -0.014577   0.285603
        13   0.307330  -0.041160   0.005328  -0.271498
        14  -0.256877   0.230020  -0.069767   0.096624
        15   0.222981  -0.047604  -0.390247   0.214870
        16  -0.557766   0.261989   0.018948   0.276829
        17   0.237702   0.242212   0.390029  -0.869943
        18   0.364032  -1.044397   0.629458   0.050906
        19  -0.805439   0.444380   0.116839   0.244220
        20   0.054156  -0.854833   0.590681   0.209996
        21  -1.039146   0.785550  -0.366400   0.619996
        22  -0.437004   0.378303   0.214634  -0.155934
        23  -0.154910   0.332758   0.674582  -0.852430
        24   0.000346   0.037649   0.411991  -0.449986
