       pos      val_A      val_C      val_G      val_T
         3  -0.347685   0.460306   0.161775  -0.274395
         4  -0.269890   0.258143   0.454761  -0.443013
         5  -0.076038   0.307278  -0.046387  -0.184852
         6   0.010477   0.086474   0.313691  -0.410643
         7   0.178730   0.388686  -0.496040  -0.071376
         8   0.083622  -0.119651   0.484956  -0.448927
         9   0.084526   0.295684  -0.518003   0.137794
        10  -0.449229   0.078405   0.089777   0.281047
        11   0.182454  -0.183899   0.205391  -0.203946
        12  -0.139712  -0.276516   0.242964   0.173264
        13   0.013698  -0.149695   0.358814  -0.222817
        14  -0.141138   0.204850  -0.078610   0.014898
        15   0.055461   0.108557  -0.190379   0.026361
        16  -0.750949   0.277802   0.206279   0.266868
        17   0.415988   0.308123  -0.162400  -0.561711
        18   0.202454  -0.457987   0.278352  -0.022819
        19  -0.484567   0.304990   0.047877   0.131700
        20  -0.045271  -0.507718   0.272422   0.280567
        21  -1.558664   0.965514  -0.198714   0.791863
        22  -0.163670   0.345804   0.013716  -0.195850
        23  -0.193022   0.428833   0.585180  -0.820991
        24   0.072616  -0.348888   0.404233  -0.127961