       pos      val_A      val_C      val_G      val_T
         0  -0.247225   0.243631   0.240170  -0.236576
         1  -0.360265   0.406727   0.510060  -0.556522
         2   0.011037   0.158106   0.011481  -0.180624
         3   0.118568  -0.001477   0.551192  -0.668284
         4   0.308781   0.396277  -0.897704   0.192645
         5  -0.003379   0.545264   0.176615  -0.718501
         6   0.242790   0.641757  -0.922240   0.037694
         7  -0.759335  -0.009386   0.283591   0.485131
         8   0.374100  -0.223809   0.105430  -0.255722
         9   0.201063  -0.315811  -0.075979   0.190728
        10   0.120364  -0.014955   0.069384  -0.174793
        11  -0.202436   0.066180  -0.055148   0.191404
        12   0.249683  -0.093906  -0.229161   0.073384
        13  -0.476861   0.091923   0.082507   0.302431
        14   0.406947   0.386529   0.003702  -0.797178
        15   0.130702  -0.929284   0.566640   0.231942
        16  -0.739774   0.301796   0.342019   0.095959
        17   0.127840  -0.900877   0.591508   0.181530
        18  -0.675294   0.459092  -0.217264   0.433466
        19  -0.289353   0.358243  -0.024842  -0.044048
        20  -0.163705   0.236677   0.580745  -0.653717
        21  -0.290934   0.213509   0.513260  -0.435835