1.000000000000000000e+00 6.601834928343990327e-01
2.000000000000000000e+00 7.928069865058162691e-01
3.000000000000000000e+00 8.306665455649593355e-01
4.000000000000000000e+00 8.602659737418392183e-01
5.000000000000000000e+00 8.703103100608089449e-01
6.000000000000000000e+00 8.839390312979915620e-01
7.000000000000000000e+00 8.842506443808773042e-01
8.000000000000000000e+00 8.911721145461299898e-01
9.000000000000000000e+00 9.001928603003719331e-01
1.000000000000000000e+01 9.003042613814571382e-01
