# POSITION WT A C G T
  0  G  235.000000  194.000000 5520.000000  280.000000
  1  C  148.000000 5734.000000  248.000000   99.000000
  2  T   21.000000   40.000000   27.000000 6141.000000
  3  T   57.000000   13.000000   87.000000 6072.000000
  4  T   22.000000   35.000000  739.000000 5433.000000
  5  A 5960.000000   39.000000  126.000000  104.000000
  6  C   55.000000 6030.000000   47.000000   97.000000
  7  A 5808.000000   83.000000  107.000000  231.000000
  8  C  357.000000 5069.000000  291.000000  512.000000
  9  T  235.000000  142.000000  263.000000 5589.000000
 10  T  208.000000  161.000000  198.000000 5662.000000
 11  T  197.000000  152.000000  202.000000 5678.000000
 12  A 5593.000000  159.000000  233.000000  244.000000
 13  T  199.000000  171.000000  200.000000 5659.000000
 14  G  297.000000  234.000000 5467.000000  231.000000
 15  C  295.000000 5390.000000  292.000000  252.000000
 16  T  225.000000  147.000000  195.000000 5662.000000
 17  T  193.000000  142.000000  134.000000 5760.000000
 18  C  302.000000 5384.000000  199.000000  344.000000
 19  C  273.000000 5406.000000  216.000000  334.000000
 20  G  289.000000  260.000000 5298.000000  382.000000
 21  G  243.000000  237.000000 5254.000000  495.000000
 22  C  409.000000 5242.000000  325.000000  253.000000
 23  T  217.000000  147.000000  254.000000 5611.000000
 24  C  419.000000 4471.000000  793.000000  546.000000
 25  G  181.000000  150.000000 5635.000000  263.000000
 26  T  103.000000   30.000000   28.000000 6068.000000
 27  A 6173.000000   15.000000    9.000000   32.000000
 28  T  163.000000   71.000000   89.000000 5906.000000
 29  G  635.000000  292.000000 5026.000000  276.000000
 30  T  574.000000  288.000000  167.000000 5200.000000
 31  T   61.000000   27.000000   30.000000 6111.000000
 32  G  381.000000  164.000000 5453.000000  231.000000
 33  T  206.000000  109.000000  170.000000 5744.000000
