# POSITION WT A C G T
  0  G  245.000000  189.000000 5493.000000  294.000000
  1  C  138.000000 5699.000000  288.000000   96.000000
  2  T   42.000000   45.000000   44.000000 6090.000000
  3  T   62.000000   27.000000   39.000000 6093.000000
  4  T   33.000000   44.000000 1186.000000 4958.000000
  5  A 5937.000000   39.000000  150.000000   95.000000
  6  C   49.000000 5988.000000   41.000000  143.000000
  7  A 5864.000000   78.000000   91.000000  188.000000
  8  C  427.000000 5025.000000  288.000000  481.000000
  9  T  234.000000  177.000000  271.000000 5539.000000
 10  T  250.000000  154.000000  219.000000 5598.000000
 11  T  192.000000  191.000000  181.000000 5657.000000
 12  A 5642.000000  146.000000  191.000000  242.000000
 13  T  161.000000  170.000000  195.000000 5695.000000
 14  G  294.000000  210.000000 5513.000000  204.000000
 15  C  200.000000 5495.000000  223.000000  303.000000
 16  T  193.000000  143.000000  171.000000 5714.000000
 17  T  182.000000  138.000000  152.000000 5749.000000
 18  C  248.000000 5404.000000  200.000000  369.000000
 19  C  260.000000 5371.000000  234.000000  356.000000
 20  G  291.000000  253.000000 5242.000000  435.000000
 21  G  240.000000  203.000000 5092.000000  686.000000
 22  C  595.000000 5022.000000  381.000000  223.000000
 23  T  205.000000  143.000000  252.000000 5621.000000
 24  C  418.000000 3892.000000 1335.000000  576.000000
 25  G  143.000000  185.000000 5586.000000  307.000000
 26  T  129.000000   31.000000   28.000000 6033.000000
 27  A 6125.000000   19.000000   21.000000   56.000000
 28  T  134.000000   76.000000   73.000000 5938.000000
 29  G  747.000000  264.000000 4955.000000  255.000000
 30  T  713.000000  338.000000  180.000000 4990.000000
 31  T   48.000000   26.000000   55.000000 6092.000000
 32  G  388.000000  129.000000 5447.000000  257.000000
 33  T  220.000000   82.000000  180.000000 5739.000000
