# POSITION WT A C G T
  0  G  271.000000  221.000000 5353.000000  331.000000
  1  C  324.000000 5198.000000  174.000000  480.000000
  2  T  265.000000  229.000000  242.000000 5440.000000
  3  T  252.000000  188.000000  266.000000 5470.000000
  4  T  404.000000  326.000000  154.000000 5292.000000
  5  A 4911.000000  395.000000  312.000000  558.000000
  6  C  384.000000 5132.000000  444.000000  216.000000
  7  A 5135.000000  366.000000  317.000000  358.000000
  8  C  215.000000 5358.000000  230.000000  373.000000
  9  T  268.000000  202.000000  193.000000 5513.000000
 10  T  181.000000  157.000000  156.000000 5682.000000
 11  T  231.000000  200.000000  216.000000 5529.000000
 12  A 5230.000000  335.000000  262.000000  349.000000
 13  T  215.000000  223.000000  239.000000 5499.000000
 14  G  128.000000  268.000000 5436.000000  344.000000
 15  C  254.000000 5217.000000  281.000000  424.000000
 16  T  253.000000  211.000000  241.000000 5471.000000
 17  T  193.000000  167.000000  156.000000 5660.000000
 18  C  208.000000 5456.000000  201.000000  311.000000
 19  C  240.000000 5419.000000  218.000000  299.000000
 20  G  233.000000  217.000000 5475.000000  251.000000
 21  G  279.000000  245.000000 5410.000000  242.000000
 22  C  194.000000 5442.000000  159.000000  381.000000
 23  T  181.000000  209.000000  152.000000 5634.000000
 24  C  174.000000 5668.000000   92.000000  242.000000
 25  G  286.000000  295.000000 5247.000000  348.000000
 26  T  247.000000  242.000000  290.000000 5397.000000
 27  A 4976.000000  369.000000  329.000000  502.000000
 28  T  195.000000  219.000000  230.000000 5532.000000
 29  G  110.000000  207.000000 5539.000000  320.000000
 30  T  102.000000  121.000000  166.000000 5787.000000
 31  T  274.000000  312.000000  284.000000 5306.000000
 32  G  192.000000  303.000000 5364.000000  317.000000
 33  T  239.000000  244.000000  218.000000 5475.000000