# POSITION WT A C G T
  0  G  333.000000  301.000000 5749.000000  358.000000
  1  C  146.000000 6197.000000  319.000000   79.000000
  2  T   42.000000   51.000000   28.000000 6620.000000
  3  T   80.000000   13.000000  107.000000 6541.000000
  4  T   27.000000   49.000000  504.000000 6161.000000
  5  A 6427.000000   75.000000  145.000000   94.000000
  6  C   39.000000 6622.000000   25.000000   55.000000
  7  A 6172.000000  121.000000  126.000000  322.000000
  8  C  429.000000 5446.000000  339.000000  527.000000
  9  T  335.000000  310.000000  283.000000 5813.000000
 10  T  305.000000  262.000000  302.000000 5872.000000
 11  T  333.000000  288.000000  298.000000 5822.000000
 12  A 5855.000000  258.000000  298.000000  330.000000
 13  T  262.000000  294.000000  304.000000 5881.000000
 14  G  370.000000  312.000000 5740.000000  319.000000
 15  C  337.000000 5646.000000  400.000000  358.000000
 16  T  314.000000  295.000000  255.000000 5877.000000
 17  T  277.000000  289.000000  218.000000 5957.000000
 18  C  323.000000 5673.000000  275.000000  470.000000
 19  C  293.000000 5663.000000  279.000000  506.000000
 20  G  414.000000  364.000000 5440.000000  523.000000
 21  G  369.000000  350.000000 5374.000000  648.000000
 22  C  518.000000 5497.000000  403.000000  323.000000
 23  T  371.000000  257.000000  347.000000 5766.000000
 24  C  456.000000 5065.000000  582.000000  638.000000
 25  G  198.000000  226.000000 5830.000000  487.000000
 26  T  174.000000   40.000000   13.000000 6514.000000
 27  A 6664.000000   24.000000   18.000000   35.000000
 28  T  237.000000  167.000000  101.000000 6236.000000
 29  G  645.000000  440.000000 5226.000000  430.000000
 30  T  563.000000  439.000000  226.000000 5513.000000
 31  T   78.000000   18.000000   26.000000 6619.000000
 32  G  462.000000  240.000000 5723.000000  316.000000
 33  T  278.000000  196.000000  206.000000 6061.000000