# POSITION WT A C G T
  0  G  237.000000  244.000000 4901.000000  319.000000
  1  C  288.000000 4752.000000  170.000000  491.000000
  2  T  294.000000  247.000000  215.000000 4945.000000
  3  T  226.000000  232.000000  230.000000 5013.000000
  4  T  430.000000  294.000000  152.000000 4825.000000
  5  A 4590.000000  359.000000  280.000000  472.000000
  6  C  378.000000 4657.000000  401.000000  265.000000
  7  A 4735.000000  302.000000  278.000000  386.000000
  8  C  235.000000 4879.000000  218.000000  369.000000
  9  T  234.000000  217.000000  172.000000 5078.000000
 10  T  159.000000  150.000000  162.000000 5230.000000
 11  T  200.000000  183.000000  154.000000 5164.000000
 12  A 4863.000000  247.000000  249.000000  342.000000
 13  T  222.000000  214.000000  208.000000 5057.000000
 14  G  144.000000  213.000000 5028.000000  316.000000
 15  C  226.000000 4825.000000  252.000000  398.000000
 16  T  236.000000  192.000000  195.000000 5078.000000
 17  T  183.000000  176.000000  179.000000 5163.000000
 18  C  199.000000 5048.000000  169.000000  285.000000
 19  C  219.000000 5046.000000  176.000000  260.000000
 20  G  199.000000  211.000000 5040.000000  251.000000
 21  G  201.000000  236.000000 5016.000000  248.000000
 22  C  158.000000 5015.000000  185.000000  343.000000
 23  T  174.000000  157.000000  133.000000 5237.000000
 24  C  154.000000 5245.000000   81.000000  221.000000
 25  G  267.000000  237.000000 4898.000000  299.000000
 26  T  205.000000  256.000000  269.000000 4971.000000
 27  A 4425.000000  370.000000  349.000000  557.000000
 28  T  203.000000  221.000000  214.000000 5063.000000
 29  G  119.000000  174.000000 5137.000000  271.000000
 30  T  108.000000  124.000000  155.000000 5314.000000
 31  T  275.000000  324.000000  285.000000 4817.000000
 32  G  166.000000  238.000000 4993.000000  304.000000
 33  T  184.000000  238.000000  155.000000 5124.000000
