# POSITION WT A C G T
  0  G  268.000000  170.000000 6035.000000  316.000000
  1  C  164.000000 6155.000000  336.000000  134.000000
  2  T   86.000000   84.000000   78.000000 6541.000000
  3  T  108.000000   54.000000   55.000000 6572.000000
  4  T   43.000000   26.000000 1663.000000 5057.000000
  5  A 6382.000000   53.000000  239.000000  115.000000
  6  C   55.000000 6414.000000   65.000000  255.000000
  7  A 6420.000000   83.000000  100.000000  186.000000
  8  C  470.000000 5402.000000  298.000000  619.000000
  9  T  252.000000  186.000000  310.000000 6041.000000
 10  T  260.000000  194.000000  276.000000 6059.000000
 11  T  217.000000  159.000000  185.000000 6228.000000
 12  A 6151.000000  139.000000  195.000000  304.000000
 13  T  128.000000  141.000000  182.000000 6338.000000
 14  G  498.000000  186.000000 5907.000000  198.000000
 15  C  241.000000 6014.000000  285.000000  249.000000
 16  T  190.000000  145.000000  180.000000 6274.000000
 17  T  214.000000  179.000000  148.000000 6248.000000
 18  C  422.000000 5735.000000  214.000000  418.000000
 19  C  280.000000 5811.000000  284.000000  414.000000
 20  G  337.000000  258.000000 5715.000000  479.000000
 21  G  263.000000  234.000000 5466.000000  826.000000
 22  C  706.000000 5359.000000  467.000000  257.000000
 23  T  193.000000  134.000000  284.000000 6178.000000
 24  C  487.000000 3850.000000 1825.000000  627.000000
 25  G  171.000000  153.000000 6147.000000  318.000000
 26  T  126.000000   26.000000   55.000000 6582.000000
 27  A 6635.000000   39.000000   44.000000   71.000000
 28  T  111.000000   62.000000   78.000000 6538.000000
 29  G 1040.000000  291.000000 5221.000000  237.000000
 30  T 1022.000000  428.000000  171.000000 5168.000000
 31  T   64.000000   28.000000   52.000000 6645.000000
 32  G  471.000000  152.000000 5923.000000  243.000000
 33  T  213.000000   86.000000  153.000000 6337.000000