# POSITION WT A C G T
  0  G  301.000000  297.000000 5466.000000  389.000000
  1  C  340.000000 5401.000000  288.000000  424.000000
  2  T  304.000000  284.000000  300.000000 5565.000000
  3  T  305.000000  270.000000  286.000000 5592.000000
  4  T  338.000000  290.000000  227.000000 5598.000000
  5  A 5368.000000  317.000000  281.000000  487.000000
  6  C  317.000000 5450.000000  313.000000  373.000000
  7  A 5415.000000  311.000000  326.000000  401.000000
  8  C  336.000000 5425.000000  300.000000  392.000000
  9  T  287.000000  282.000000  235.000000 5649.000000
 10  T  279.000000  302.000000  274.000000 5598.000000
 11  T  323.000000  298.000000  225.000000 5607.000000
 12  A 5481.000000  342.000000  264.000000  366.000000
 13  T  278.000000  247.000000  250.000000 5678.000000
 14  G  349.000000  320.000000 5410.000000  374.000000
 15  C  336.000000 5421.000000  278.000000  418.000000
 16  T  297.000000  243.000000  244.000000 5669.000000
 17  T  295.000000  293.000000  227.000000 5638.000000
 18  C  372.000000 5363.000000  308.000000  410.000000
 19  C  342.000000 5379.000000  287.000000  445.000000
 20  G  331.000000  370.000000 5359.000000  393.000000
 21  G  331.000000  373.000000 5273.000000  476.000000
 22  C  269.000000 5420.000000  272.000000  492.000000
 23  T  309.000000  303.000000  258.000000 5583.000000
 24  C  289.000000 5457.000000  261.000000  446.000000
 25  G  362.000000  353.000000 5306.000000  432.000000
 26  T  281.000000  294.000000  245.000000 5633.000000
 27  A 5454.000000  338.000000  249.000000  412.000000
 28  T  300.000000  281.000000  236.000000 5636.000000
 29  G  316.000000  390.000000 5248.000000  499.000000
 30  T  288.000000  278.000000  241.000000 5646.000000
 31  T  307.000000  288.000000  282.000000 5576.000000
 32  G  314.000000  331.000000 5385.000000  423.000000
 33  T  235.000000  394.000000  264.000000 5560.000000
