# POSITION WT A C G T
  0  G  286.000000  196.000000 5628.000000  277.000000
  1  C  153.000000 5877.000000  237.000000  120.000000
  2  T   23.000000   24.000000   40.000000 6300.000000
  3  T   59.000000   15.000000   99.000000 6214.000000
  4  T   41.000000   37.000000  625.000000 5684.000000
  5  A 6106.000000   51.000000  137.000000   93.000000
  6  C   69.000000 6190.000000   44.000000   84.000000
  7  A 5951.000000   98.000000  127.000000  211.000000
  8  C  323.000000 5323.000000  263.000000  478.000000
  9  T  232.000000  169.000000  227.000000 5759.000000
 10  T  221.000000  162.000000  216.000000 5788.000000
 11  T  190.000000  174.000000  183.000000 5840.000000
 12  A 5811.000000  163.000000  181.000000  232.000000
 13  T  163.000000  143.000000  220.000000 5861.000000
 14  G  318.000000  227.000000 5615.000000  227.000000
 15  C  256.000000 5552.000000  256.000000  323.000000
 16  T  183.000000  167.000000  189.000000 5848.000000
 17  T  170.000000  149.000000  163.000000 5905.000000
 18  C  268.000000 5532.000000  205.000000  382.000000
 19  C  283.000000 5497.000000  218.000000  389.000000
 20  G  253.000000  202.000000 5508.000000  424.000000
 21  G  237.000000  230.000000 5392.000000  528.000000
 22  C  469.000000 5273.000000  362.000000  283.000000
 23  T  213.000000  150.000000  269.000000 5755.000000
 24  C  377.000000 4744.000000  745.000000  521.000000
 25  G  176.000000  171.000000 5684.000000  356.000000
 26  T   94.000000   38.000000   22.000000 6233.000000
 27  A 6314.000000   25.000000   20.000000   28.000000
 28  T  181.000000   84.000000   83.000000 6039.000000
 29  G  546.000000  269.000000 5287.000000  285.000000
 30  T  450.000000  269.000000  188.000000 5480.000000
 31  T   64.000000   32.000000   26.000000 6265.000000
 32  G  371.000000  176.000000 5599.000000  241.000000
 33  T  214.000000   91.000000  178.000000 5904.000000
