# POSITION WT A C G T
  0  G  250.000000  268.000000 5421.000000  427.000000
  1  C  269.000000 5434.000000  194.000000  469.000000
  2  T  218.000000  254.000000  220.000000 5674.000000
  3  T  215.000000  179.000000  238.000000 5734.000000
  4  T  462.000000  361.000000  212.000000 5331.000000
  5  A 4997.000000  449.000000  368.000000  552.000000
  6  C  384.000000 5362.000000  381.000000  239.000000
  7  A 5130.000000  404.000000  366.000000  466.000000
  8  C  265.000000 5428.000000  284.000000  389.000000
  9  T  293.000000  256.000000  236.000000 5581.000000
 10  T  190.000000  152.000000  154.000000 5870.000000
 11  T  234.000000  254.000000  210.000000 5668.000000
 12  A 5280.000000  353.000000  303.000000  430.000000
 13  T  245.000000  225.000000  239.000000 5657.000000
 14  G  128.000000  267.000000 5617.000000  354.000000
 15  C  251.000000 5379.000000  291.000000  445.000000
 16  T  239.000000  214.000000  209.000000 5704.000000
 17  T  202.000000  196.000000  172.000000 5796.000000
 18  C  182.000000 5591.000000  223.000000  370.000000
 19  C  215.000000 5580.000000  244.000000  327.000000
 20  G  228.000000  272.000000 5578.000000  288.000000
 21  G  255.000000  237.000000 5630.000000  244.000000
 22  C  192.000000 5599.000000  195.000000  380.000000
 23  T  218.000000  190.000000  163.000000 5795.000000
 24  C  127.000000 5951.000000  105.000000  183.000000
 25  G  339.000000  239.000000 5411.000000  377.000000
 26  T  263.000000  250.000000  220.000000 5633.000000
 27  A 5273.000000  313.000000  310.000000  470.000000
 28  T  250.000000  252.000000  277.000000 5587.000000
 29  G  121.000000  207.000000 5671.000000  367.000000
 30  T  153.000000  137.000000  215.000000 5861.000000
 31  T  335.000000  308.000000  252.000000 5471.000000
 32  G  200.000000  270.000000 5565.000000  331.000000
 33  T  208.000000  243.000000  216.000000 5699.000000