# POSITION WT A C G T
  0  G  314.000000  270.000000 6728.000000  368.000000
  1  C  343.000000 6498.000000  346.000000  493.000000
  2  T  239.000000  217.000000  262.000000 6962.000000
  3  T  244.000000  210.000000  235.000000 6991.000000
  4  T  271.000000  190.000000  225.000000 6994.000000
  5  A 6750.000000  280.000000  299.000000  351.000000
  6  C  358.000000 6606.000000  327.000000  389.000000
  7  A 6721.000000  299.000000  307.000000  353.000000
  8  C  353.000000 6618.000000  303.000000  406.000000
  9  T  254.000000  208.000000  228.000000 6990.000000
 10  T  311.000000  176.000000  240.000000 6953.000000
 11  T  302.000000  205.000000  220.000000 6953.000000
 12  A 6759.000000  283.000000  249.000000  389.000000
 13  T  267.000000  228.000000  268.000000 6917.000000
 14  G  317.000000  239.000000 6734.000000  390.000000
 15  C  306.000000 6604.000000  320.000000  450.000000
 16  T  276.000000  211.000000  251.000000 6942.000000
 17  T  251.000000  226.000000  197.000000 7006.000000
 18  C  326.000000 6580.000000  293.000000  481.000000
 19  C  385.000000 6616.000000  287.000000  392.000000
 20  G  293.000000  321.000000 6642.000000  424.000000
 21  G  341.000000  263.000000 6692.000000  384.000000
 22  C  320.000000 6638.000000  294.000000  428.000000
 23  T  226.000000  200.000000  230.000000 7024.000000
 24  C  330.000000 6654.000000  290.000000  406.000000
 25  G  306.000000  278.000000 6716.000000  380.000000
 26  T  277.000000  217.000000  232.000000 6954.000000
 27  A 6699.000000  277.000000  268.000000  436.000000
 28  T  256.000000  228.000000  234.000000 6962.000000
 29  G  296.000000  298.000000 6662.000000  424.000000
 30  T  226.000000  172.000000  226.000000 7056.000000
 31  T  238.000000  216.000000  221.000000 7005.000000
 32  G  309.000000  269.000000 6671.000000  431.000000
 33  T  276.000000  221.000000  195.000000 6988.000000