        Training/Test    full-wt    rnap-wt     full-0   full-150   full-500
     full-wt_Neighbor   0.337502   0.723208   0.509542   0.481044   0.428068
  full-wt_Neighbor_LS   0.328493   0.604808   0.510335   0.476766   0.415364
           full-wt_MI   0.325307   0.714286   0.494930   0.467974   0.419745
           full-wt_LS   0.295067   0.551442   0.467493   0.440290   0.386801
       full-wt_iterLS   0.295072   0.553560   0.468057   0.442326   0.386270
          full-wt_BVH   0.307534   0.687411   0.461245   0.446736   0.402876
      full-0_Neighbor   0.294427   0.506022   0.547069   0.471010   0.394409
   full-0_Neighbor_LS   0.211592   0.282186   0.506600   0.399907   0.301574
            full-0_MI   0.294881   0.529289   0.518346   0.460533   0.396162
            full-0_LS   0.202664   0.274412   0.468364   0.376282   0.289337
        full-0_iterLS   0.195318   0.261692   0.452632   0.369038   0.279276
           full-0_BVH   0.259995   0.412765   0.484483   0.424686   0.356761
    full-150_Neighbor   0.320379   0.653890   0.516671   0.503453   0.422933
 full-150_Neighbor_LS   0.271682   0.448063   0.502387   0.477810   0.373264
          full-150_MI   0.314813   0.662385   0.500618   0.480963   0.416405
          full-150_LS   0.258948   0.432692   0.471070   0.436152   0.356135
      full-150_iterLS   0.251186   0.415295   0.462472   0.428219   0.346618
         full-150_BVH   0.292398   0.544433   0.489379   0.460957   0.394493
    full-500_Neighbor   0.324486   0.691229   0.509463   0.482015   0.447598
 full-500_Neighbor_LS   0.308409   0.578184   0.502094   0.469682   0.441478
          full-500_MI   0.320189   0.698798   0.497410   0.470770   0.425949
          full-500_LS   0.290213   0.538522   0.471850   0.445600   0.393015
      full-500_iterLS   0.290948   0.543407   0.471797   0.445951   0.393694
         full-500_BVH   0.312301   0.649201   0.479838   0.457283   0.415343
     rnap-wt_Neighbor   0.323774   0.807560   0.490461   0.472079   0.420685
  rnap-wt_Neighbor_LS   0.326430   0.774303   0.493563   0.476901   0.426244
           rnap-wt_MI   0.316502   0.763173   0.477373   0.461498   0.412776
           rnap-wt_LS   0.301063   0.657843   0.445728   0.437905   0.394207
       rnap-wt_iterLS   0.302112   0.668488   0.447793   0.439648   0.395677
          rnap-wt_BVH   0.288058   0.655360   0.403007   0.412993   0.377524
