       pos      val_A      val_C      val_G      val_T
        37   0.016361  -0.018321   0.011844  -0.009884
        38  -0.031695   0.068839   0.071180  -0.108324
        39  -0.067502  -0.079989  -0.089596   0.237088
        40   0.007669  -0.194685   0.036931   0.150085
        41  -0.221385  -0.155928   0.285624   0.091689
        42   0.137817  -0.099946   0.031370  -0.069240
        43  -0.076386   0.184497  -0.142765   0.034654
        44   0.079110  -0.062390  -0.031475   0.014755
        45   0.031426  -0.032199  -0.018610   0.019382
        46  -0.012908  -0.012565   0.027505  -0.002032
        47   0.012095  -0.006007   0.007957  -0.014045
        48  -0.017222  -0.001045   0.004748   0.013519
        49   0.035393  -0.014819   0.012600  -0.033175
        50  -0.023505  -0.006300   0.005066   0.024739
        51   0.058228  -0.012748   0.001756  -0.047236
        52   0.001406   0.011059   0.017655  -0.030119
        53  -0.017148   0.002593   0.001927   0.012627
        54  -0.001226  -0.002791  -0.007937   0.011954
        55   0.001523  -0.006050  -0.001086   0.005613
        56   0.008282  -0.009930  -0.010314   0.011961
        57   0.008786  -0.019925  -0.016325   0.027463
        58  -0.028819  -0.018374  -0.020550   0.067742
        59   0.085550  -0.036956   0.030225  -0.078819
        60   0.001806  -0.027515   0.052522  -0.026813
        61  -0.008927  -0.118233   0.133655  -0.006495
        62  -0.021283  -0.037748   0.040197   0.018835
        63   0.036677  -0.038524  -0.208172   0.210019
        64   0.410270  -0.095815  -0.200556  -0.113899
        65   0.009070  -0.036941  -0.043587   0.071458
        66   0.123996  -0.014228  -0.049109  -0.060658
        67   0.108683   0.028945  -0.063886  -0.073742
        68   0.019082  -0.141710  -0.125120   0.247748
        69   0.071625  -0.052138   0.006308  -0.025795
        70   0.031929  -0.065473   0.004516   0.029029