       pos     val_AA     val_AC     val_AG     val_AT     val_CA     val_CC     val_CG     val_CT     val_GA     val_GC     val_GG     val_GT     val_TA     val_TC     val_TG     val_TT
        37  -0.054401   0.010811   0.000464   0.002297  -0.018686  -0.026866   0.045238   0.029821  -0.013690   0.005529   0.019922  -0.008777   0.011469  -0.027594   0.028640  -0.004177
        38  -0.050649  -0.035782  -0.042771   0.057768  -0.023404  -0.071778  -0.058214   0.119149   0.004599   0.010316  -0.019793   0.103015  -0.025399  -0.042636   0.078788  -0.003208
        39  -0.027701   0.095943  -0.008754  -0.007828  -0.003124  -0.025075   0.006213   0.028617   0.047824   0.077135  -0.047595   0.027160  -0.035954  -0.133042  -0.027238   0.033420
        40  -0.022690   0.050769  -0.044629   0.008930   0.068103  -0.012948  -0.037737   0.008880  -0.062509   0.002550  -0.012946   0.006867  -0.068657  -0.057991   0.137752   0.036254
        41  -0.073046  -0.023664  -0.022879   0.028547  -0.056265   0.014314  -0.061736   0.080778   0.112858   0.035441  -0.122325   0.011177   0.030607  -0.039618   0.050879   0.034932
        42  -0.035040   0.100316  -0.027908   0.017223   0.073701  -0.011642   0.012845  -0.047995   0.019714   0.001461  -0.110867  -0.025932   0.003083  -0.069875   0.055874   0.045041
        43  -0.014681   0.071826  -0.039880   0.002542   0.042970  -0.058166  -0.015112   0.008917  -0.039748  -0.032846  -0.025632  -0.013482   0.037472  -0.011050   0.052245   0.034628
        44   0.033950   0.016189   0.037330  -0.015993   0.023317   0.000790  -0.026958   0.018077   0.105796  -0.016176  -0.013004  -0.059533  -0.085996  -0.015255  -0.048526   0.045993
        45   0.006935  -0.012712   0.005277  -0.014629  -0.017200  -0.028293  -0.013753  -0.047401  -0.076785   0.000547  -0.015094  -0.052021   0.085468   0.045229   0.111489   0.022944
        46  -0.003692  -0.025833  -0.005319  -0.032102   0.022625  -0.023093  -0.020785  -0.039338  -0.029322   0.028261   0.025443  -0.001826   0.050115   0.019643   0.028618   0.006604
        47   0.000607   0.036756  -0.016305  -0.016575  -0.001463  -0.025253   0.000322  -0.009870  -0.018996  -0.021924   0.023103   0.010532   0.007551   0.026004   0.007717  -0.002207
        48  -0.020997  -0.003202  -0.051428   0.053018  -0.023296   0.015394   0.034185  -0.021007  -0.001059  -0.027631   0.019372   0.013848   0.032101  -0.013845  -0.000669  -0.004783
        49  -0.004201   0.005593  -0.014783   0.008969  -0.078668   0.070086  -0.002654  -0.009218   0.021247  -0.049530   0.027164   0.011409   0.036741  -0.020816   0.001238  -0.002576
        50  -0.032035  -0.006099  -0.015414   0.014603  -0.003264   0.000809  -0.018019   0.011743  -0.046160   0.021979   0.016992   0.004091   0.050879  -0.000333   0.006319  -0.006092
        51   0.036583   0.024955   0.013198  -0.088823  -0.020300  -0.010592   0.046613   0.017129  -0.017513  -0.000663   0.020244   0.004302   0.013334  -0.035503  -0.000996  -0.001969
        52   0.000078  -0.002358  -0.033564   0.041568   0.000064  -0.036407  -0.024260   0.032420  -0.012477   0.078909  -0.003997   0.010242   0.027377  -0.070074  -0.003957  -0.003564
        53  -0.018226   0.056494   0.011788   0.008965   0.031829  -0.082473   0.010482   0.054211   0.000736  -0.055396  -0.023847   0.056707  -0.015045  -0.009557  -0.034098   0.007431
        54   0.013064  -0.003531  -0.018319   0.064645  -0.028090  -0.028663  -0.015413   0.037800   0.028292   0.001469   0.008188  -0.017057  -0.029872  -0.029588  -0.004497   0.021572
        55  -0.010378   0.016622  -0.022857   0.053787  -0.016544  -0.007328  -0.014898   0.032236   0.057421  -0.029753   0.015662  -0.019591  -0.032426  -0.042531  -0.014440   0.035017
        56   0.004583   0.001438   0.005957   0.030497   0.005937  -0.012161  -0.016424   0.004060   0.016194  -0.022544  -0.003254   0.017474  -0.051835   0.006285  -0.032327   0.046118
        57  -0.030799   0.006731  -0.005508   0.003558  -0.001505  -0.041014  -0.010359   0.024999  -0.014928  -0.002034  -0.005457  -0.024526   0.000003   0.043912   0.011033   0.045894
        58  -0.032727  -0.009523   0.000758  -0.080970   0.030489  -0.032077   0.069557  -0.135607   0.016607  -0.014953  -0.013791  -0.073387   0.078871   0.070066   0.099600   0.027086
        59  -0.058959  -0.012656   0.001003   0.056366  -0.022674  -0.050351   0.004523  -0.025470   0.043773  -0.054812   0.037110   0.022569  -0.003881  -0.007098   0.070343   0.000214
        60  -0.056381  -0.029098  -0.008482   0.041212  -0.090418  -0.036775  -0.053878   0.045146   0.000782  -0.014550   0.007287   0.108452   0.023399  -0.060873   0.126716  -0.002538
        61  -0.051472   0.011832   0.013377  -0.037503  -0.035119  -0.002087  -0.019251  -0.025987   0.067013   0.053058   0.011021  -0.000597   0.015931  -0.030250   0.017858   0.012175
        62  -0.037700  -0.039835   0.020718  -0.034923   0.069846  -0.052036   0.004119  -0.077468  -0.039906   0.016526  -0.044137   0.002429   0.237957  -0.057908   0.042165  -0.009848
        63   0.027078   0.002581   0.018147   0.132177  -0.056253  -0.085976  -0.044728   0.003490  -0.052551   0.006819  -0.026875   0.045259   0.130075  -0.050718  -0.026123  -0.022401
        64   0.018574   0.013152  -0.010396   0.078216  -0.033171  -0.061096  -0.007565   0.025738  -0.008702  -0.024754   0.009903  -0.004829   0.019487  -0.021154   0.016198  -0.009602
        65   0.015483  -0.012135  -0.004575   0.006762  -0.011189  -0.062154  -0.034060   0.022900   0.019218  -0.023224  -0.015674   0.037169   0.094484  -0.011422  -0.014319  -0.007265
        66  -0.016048   0.063173   0.036876   0.071394   0.020663  -0.061917  -0.076804   0.046521   0.011858  -0.015395  -0.044736   0.017045   0.014273  -0.066238  -0.002750   0.002085
        67  -0.040421  -0.018782  -0.025063   0.198893  -0.011545  -0.024075  -0.116301   0.155425  -0.040764  -0.034462  -0.026769   0.098462  -0.020563  -0.077142  -0.039949   0.023055
        68  -0.018920  -0.023163  -0.000952  -0.001282  -0.032978  -0.022141  -0.011908  -0.018458  -0.056781  -0.034159  -0.042436  -0.005731   0.120344   0.032948   0.075316   0.040300
        69   0.033475  -0.042023  -0.051889   0.031041  -0.032015  -0.028386  -0.038069   0.010894   0.025536  -0.062584  -0.003962   0.019969   0.072344   0.031677   0.003957   0.030034
