       pos      val_A      val_C      val_G      val_T
        37   0.011794  -0.014714   0.012722  -0.009803
        38  -0.029804   0.069632   0.086013  -0.125841
        39  -0.105185  -0.094731  -0.026987   0.226903
        40  -0.013461  -0.179337   0.029587   0.163210
        41  -0.237249  -0.171966   0.315518   0.093697
        42   0.151445  -0.141031   0.045843  -0.056256
        43  -0.080943   0.192321  -0.156674   0.045296
        44   0.084360  -0.060629  -0.046706   0.022976
        45   0.023566  -0.026821  -0.006924   0.010178
        46   0.003374  -0.034338   0.038760  -0.007796
        47   0.012508  -0.011592   0.006009  -0.006926
        48  -0.012983  -0.009021   0.009227   0.012778
        49   0.035732  -0.021762   0.018213  -0.032183
        50  -0.024269   0.005607   0.004650   0.014013
        51   0.063363  -0.013906  -0.001564  -0.047893
        52   0.002919   0.017719   0.013820  -0.034458
        53  -0.008160  -0.009208   0.005515   0.011852
        54   0.005090  -0.004153  -0.009639   0.008702
        55   0.029628  -0.012245  -0.017955   0.000572
        56   0.001973  -0.006908   0.003946   0.000989
        57   0.010195  -0.016131  -0.019271   0.025207
        58  -0.030611  -0.017110  -0.017396   0.065117
        59   0.068868  -0.033457   0.039585  -0.074996
        60  -0.002059  -0.032580   0.054377  -0.019737
        61  -0.010515  -0.119237   0.133073  -0.003321
        62  -0.034251  -0.017347   0.038557   0.013042
        63   0.043201  -0.086112  -0.146603   0.189514
        64   0.377404  -0.122115  -0.120780  -0.134509
        65   0.033750  -0.058216  -0.054386   0.078852
        66   0.126061   0.005115  -0.056818  -0.074357
        67   0.114403   0.028310  -0.063437  -0.079277
        68   0.005156  -0.154945  -0.088993   0.238782
        69   0.075530  -0.052218   0.006354  -0.029666
        70   0.031062  -0.083566   0.024299   0.028205
