       pos      val_A      val_C      val_G      val_T
        37   0.006938  -0.025858   0.027546  -0.008626
        38  -0.030077   0.006491   0.112080  -0.088495
        39   0.003308  -0.099233   0.020554   0.075372
        40   0.029269  -0.026140  -0.037577   0.034448
        41  -0.213002  -0.256944   0.420226   0.049720
        42   0.134056  -0.126008   0.033294  -0.041343
        43  -0.103738   0.049050  -0.139718   0.194406
        44   0.126417  -0.069677  -0.062741   0.006001
        45   0.043776  -0.046510  -0.024082   0.026816
        46  -0.010800  -0.076959   0.063734   0.024025
        47   0.011901  -0.022404   0.054774  -0.044270
        48   0.012438  -0.054723  -0.007749   0.050034
        49   0.073334  -0.092514  -0.029243   0.048423
        50   0.006797  -0.050388  -0.005652   0.049243
        51   0.161893  -0.064580  -0.031366  -0.065947
        52   0.031917   0.015776  -0.006940  -0.040754
        53  -0.001097  -0.023378  -0.010522   0.034997
        54   0.029917  -0.035021   0.002304   0.002800
        55   0.075236  -0.039292  -0.036361   0.000418
        56   0.006096  -0.031245  -0.005000   0.030149
        57   0.009484  -0.033157  -0.025663   0.049335
        58  -0.042311  -0.030847  -0.047456   0.120614
        59   0.112026  -0.070312   0.039755  -0.081468
        60  -0.009756  -0.053039   0.088263  -0.025468
        61   0.003275  -0.232196   0.232730  -0.003808
        62  -0.055892  -0.027931   0.046982   0.036842
        63   0.025879  -0.085112  -0.042923   0.102156
        64   0.142152  -0.054545  -0.063601  -0.024007
        65   0.012001  -0.042443  -0.042851   0.073293
        66   0.232044  -0.032919  -0.101767  -0.097358
        67   0.189570   0.071692  -0.133852  -0.127410
        68  -0.037173  -0.076988  -0.022159   0.136320
        69   0.090950  -0.067358   0.001472  -0.025064
        70   0.025138  -0.074231   0.001033   0.048060
