       pos     val_AA     val_AC     val_AG     val_AT     val_CA     val_CC     val_CG     val_CT     val_GA     val_GC     val_GG     val_GT     val_TA     val_TC     val_TG     val_TT
        37   0.003417   0.030425   0.026866   0.029431  -0.000423   0.007561   0.082305   0.044371  -0.007640   0.027832   0.073168   0.038376   0.052151   0.011743   0.052409   0.007413
        38   0.026928   0.025583   0.026246   0.061135  -0.063861  -0.021413   0.010697   0.095569  -0.032130  -0.014586   0.029325   0.060913   0.007465   0.061518  -0.000173  -0.034899
        39  -0.005385   0.014244  -0.011008   0.048750  -0.023454  -0.009234  -0.051905   0.013291   0.018837   0.026533   0.010185   0.019566   0.005066  -0.024149   0.000635   0.099230
        40  -0.017456   0.070634  -0.006077   0.076866   0.066851   0.071749   0.037630   0.001251   0.024509   0.032219   0.066228   0.099946  -0.059596  -0.009425   0.151679   0.079917
        41  -0.042090   0.018696   0.021034   0.039298  -0.043465   0.106202  -0.005767   0.050162   0.113702   0.011285  -0.002744   0.006785   0.033179  -0.032566   0.067013   0.012775
        42  -0.044352   0.091472  -0.062122   0.033934   0.006444  -0.024265  -0.052940   0.025315   0.031848  -0.000664   0.023960  -0.002050   0.053556  -0.022064   0.061409  -0.007876
        43  -0.003688   0.037559  -0.023954   0.001413   0.052096  -0.039620  -0.037354   0.045852  -0.006187  -0.016603  -0.017653  -0.007056   0.015914  -0.007034   0.000438   0.019721
        44   0.021038   0.018632   0.055584   0.021132   0.049571   0.015794   0.051977  -0.005790   0.049470   0.029779   0.042361   0.056236  -0.033482  -0.016709  -0.022617   0.038405
        45   0.024168   0.025751   0.031414   0.030313   0.005460  -0.029585   0.017927  -0.002446  -0.018958   0.004996   0.040111  -0.029484   0.039325  -0.018921   0.076391   0.014746
        46  -0.038699  -0.003770   0.007654  -0.030242  -0.033747  -0.005888   0.010496  -0.017492   0.037028  -0.003165  -0.061117  -0.027612  -0.017777  -0.038035  -0.038273  -0.027770
        47   0.019563  -0.016582  -0.024429  -0.017570  -0.043864   0.014185  -0.029816  -0.012265  -0.001575   0.061861  -0.030931   0.005935   0.024276   0.038917   0.005022  -0.018995
        48  -0.055224  -0.029090  -0.019515  -0.073040  -0.072078  -0.031381  -0.071302  -0.021154  -0.018646  -0.005514  -0.061201  -0.016825   0.004600  -0.027075  -0.026861  -0.024333
        49   0.002157  -0.008593   0.018504   0.008354   0.013335   0.000775  -0.020920   0.001563   0.028841  -0.007433   0.010083   0.028281   0.048963   0.029105   0.006536  -0.010294
        50  -0.095834  -0.014872  -0.048031  -0.044242  -0.052403   0.016940  -0.022141  -0.004107  -0.055076  -0.050722  -0.045093  -0.010666  -0.024771  -0.042272  -0.028881  -0.033269
        51   0.035981   0.053518  -0.007075  -0.019669  -0.019107   0.010858  -0.025716  -0.018505   0.008931   0.007195   0.001031  -0.032069   0.014756  -0.020030   0.010782  -0.061310
        52   0.013543   0.005536  -0.015597   0.017420   0.000056  -0.002200   0.000629   0.029740  -0.007883   0.002554   0.015761   0.031535  -0.000209   0.023549   0.025346   0.035674
        53  -0.041525   0.000660  -0.062190  -0.002049  -0.033678  -0.043844  -0.004104  -0.008059  -0.018692  -0.003262  -0.027737  -0.001202  -0.059988  -0.052431  -0.060679  -0.021598
        54   0.038393   0.035373  -0.018654   0.014025   0.046225   0.014140  -0.029954   0.033145  -0.018782   0.024571   0.046887   0.017374   0.012420  -0.001047  -0.033191  -0.011225
        55  -0.012224  -0.030843  -0.012274   0.015941  -0.025046  -0.043964  -0.058666  -0.018791  -0.047022  -0.015298  -0.016262   0.019836  -0.017342  -0.025091  -0.066850   0.009263
        56  -0.004331  -0.048830   0.000754   0.051549   0.004217  -0.016963   0.016011   0.039053   0.034623  -0.011541   0.040989   0.027354   0.018711  -0.024449  -0.007071   0.016409
        57  -0.047324  -0.096301  -0.008022   0.001121  -0.018244  -0.034730  -0.002896   0.026059  -0.074410  -0.088197  -0.039240  -0.008696  -0.057154  -0.038865  -0.033983   0.003696
        58  -0.057577  -0.027365  -0.044112  -0.024109  -0.011322  -0.011601   0.017205   0.008018  -0.058641  -0.058387  -0.039166  -0.025630  -0.037799  -0.039524   0.027719  -0.022923
        59   0.010616  -0.044879   0.000314   0.062967  -0.003150  -0.008974   0.011847  -0.007393  -0.005013  -0.056880   0.009582   0.021962  -0.042666  -0.002317  -0.011714  -0.062381
        60   0.016738   0.011028   0.045087   0.080348   0.049465  -0.007337   0.043958   0.033467   0.063371   0.029077   0.094601   0.066140   0.046949  -0.004335   0.117957   0.023229
        61   0.037347   0.021339   0.010353   0.059715  -0.021864  -0.005655  -0.008321   0.025331   0.052914   0.062273   0.031463   0.063711   0.007541   0.057120   0.038648   0.016334
        62   0.054338   0.065081   0.053039   0.025585   0.086259   0.079923   0.035842   0.016332   0.015606   0.050963  -0.000438   0.058085   0.156817   0.037269   0.012583   0.007479
        63   0.070629  -0.030006  -0.011533  -0.004854  -0.042667  -0.037247   0.026703  -0.041023  -0.023368   0.022615  -0.058520  -0.013900   0.133588  -0.120484  -0.084439  -0.102580
        64   0.068051   0.065138   0.000350   0.104693   0.040853   0.047122   0.020874   0.029634   0.006536   0.103280   0.008773   0.012853   0.030148  -0.023150   0.029724   0.038114
        65   0.042852  -0.012159  -0.031316  -0.035906  -0.004997  -0.035243  -0.090703   0.006932   0.043274  -0.011660  -0.012598   0.015033   0.084755  -0.029029  -0.041922  -0.039735
        66  -0.054185  -0.014256  -0.079742  -0.047714  -0.009255  -0.018163  -0.160414  -0.013981  -0.036404  -0.006536  -0.061838  -0.043377  -0.034173  -0.036440  -0.059243  -0.056584
        67  -0.002231  -0.008866  -0.033219   0.128328  -0.072705  -0.043798   0.015950   0.047832   0.006510  -0.033561  -0.003916   0.051327  -0.010128  -0.088282  -0.039294   0.011472
        68  -0.004539  -0.016650  -0.051468   0.025167  -0.024965  -0.016687  -0.098406  -0.035696  -0.043448  -0.038462  -0.073945   0.026701   0.055223   0.024969   0.055564   0.035092
        69  -0.028338   0.002098   0.062725   0.050856  -0.015528  -0.012565   0.003288  -0.000568   0.004933  -0.064823   0.003113   0.007757   0.033349   0.000994   0.013136   0.002198