       pos     val_AA     val_AC     val_AG     val_AT     val_CA     val_CC     val_CG     val_CT     val_GA     val_GC     val_GG     val_GT     val_TA     val_TC     val_TG     val_TT
        37  -0.036728   0.001773  -0.007084  -0.044734  -0.006101  -0.025559   0.032562   0.044637  -0.012897   0.001799   0.022738  -0.003808   0.087435  -0.018842  -0.034273  -0.000918
        38   0.009894  -0.013079  -0.050402   0.053589  -0.058229  -0.082649  -0.039169   0.107512  -0.029192  -0.003193  -0.086265   0.100887  -0.019043   0.019733   0.098450  -0.008845
        39  -0.022603   0.087507  -0.047712   0.038518   0.030049   0.056443  -0.055038   0.041637   0.025608   0.003669   0.011677   0.033939  -0.053027  -0.133832  -0.046060   0.029225
        40  -0.027870   0.062797  -0.051354   0.014676  -0.002150   0.035915  -0.032723   0.030967  -0.051565  -0.076893  -0.023590   0.033137  -0.043670  -0.026682   0.125224   0.033780
        41  -0.071070  -0.027349  -0.036359   0.012111  -0.074839   0.062291  -0.065326   0.075598   0.105045  -0.022357  -0.111390   0.048847   0.038204  -0.040784   0.072952   0.034427
        42  -0.037495   0.082654  -0.042101   0.025471   0.028176  -0.025301  -0.017008   0.017123   0.054604  -0.017712  -0.053389  -0.092437   0.013942  -0.062192   0.083441   0.042225
        43  -0.026111   0.102942  -0.013806  -0.015771   0.033129  -0.044565  -0.051410   0.028323  -0.035801  -0.071329   0.062097   0.004004   0.032784  -0.026496  -0.017222   0.039232
        44   0.022982   0.014736   0.035923  -0.034933   0.038934  -0.013308   0.052751  -0.083117   0.010235   0.008168   0.015702  -0.019739  -0.022858  -0.029361  -0.044023   0.047908
        45  -0.025091   0.016316  -0.028757  -0.020314  -0.029389  -0.039222  -0.010049  -0.048244  -0.035250  -0.011731   0.058568  -0.058374   0.035450   0.049665   0.125299   0.021123
        46  -0.015488  -0.087209   0.006015  -0.012340  -0.032011   0.020746   0.006833  -0.035282   0.104040   0.071964  -0.079232  -0.006453   0.038212  -0.015111   0.027880   0.007438
        47  -0.004617   0.019709   0.045740  -0.011068   0.025372  -0.019594  -0.079744   0.019366  -0.057814   0.019341  -0.052275   0.007255   0.022426   0.041875   0.027837  -0.003809
        48  -0.004544   0.038732   0.008965  -0.063782  -0.038765   0.054061  -0.064917   0.104957  -0.006512  -0.066987  -0.021974   0.031036   0.032219  -0.019116   0.021934  -0.005308
        49  -0.012066  -0.012417   0.009219   0.004394  -0.040890   0.044703   0.006842   0.002768  -0.014574   0.033357  -0.065955  -0.002087   0.053234  -0.026618   0.023715  -0.003625
        50  -0.061652   0.069458  -0.003989  -0.019466  -0.003031   0.030079  -0.003089   0.013713   0.016567  -0.064773  -0.010667   0.031340   0.038085  -0.031857   0.003246  -0.003963
        51  -0.023782   0.028135   0.001453  -0.013636   0.002762   0.019348  -0.032533   0.015534   0.009254  -0.006875  -0.000292  -0.014386   0.001236  -0.032068   0.049263  -0.003413
        52   0.002430   0.054960  -0.050597   0.007170   0.004485  -0.001674   0.004612   0.025609  -0.003670   0.013443   0.026998   0.005611  -0.052449  -0.048263   0.008625   0.002710
        53  -0.022287   0.050982  -0.070848   0.023240   0.012568   0.001816   0.033086   0.001285   0.034808  -0.024470  -0.008663   0.018253  -0.023239  -0.032420  -0.004392   0.010283
        54  -0.000815   0.013031  -0.042493   0.056423   0.032708  -0.009209  -0.012821   0.009527  -0.053216  -0.026977   0.016832   0.036841   0.017351  -0.023019  -0.030519   0.016357
        55   0.007094  -0.006303   0.025590   0.031940   0.020722  -0.003311  -0.014698   0.013405  -0.064793   0.010606  -0.008757   0.056236   0.017402  -0.032031  -0.085031   0.031930
        56  -0.015644  -0.012471  -0.022499   0.054933  -0.009584  -0.017171  -0.009917   0.029527  -0.022903  -0.017384   0.009830  -0.028546   0.030325   0.011272  -0.017670   0.037903
        57  -0.019152  -0.017960   0.017321   0.014789  -0.024063   0.025690   0.013756  -0.038333  -0.017926  -0.002340  -0.002207  -0.004979  -0.005142   0.028189  -0.008749   0.041105
        58  -0.024610   0.015746  -0.026563  -0.105121   0.012732  -0.010341   0.030440  -0.073517   0.011671  -0.008376  -0.006756  -0.050681   0.067912   0.047856   0.097070   0.022538
        59  -0.029733  -0.022174  -0.012617   0.032025  -0.003748  -0.027679  -0.000658  -0.023234  -0.003401  -0.041416   0.011105   0.027700   0.006977   0.068257   0.021110  -0.002513
        60  -0.046583  -0.046249   0.001721   0.058680   0.006485  -0.046680   0.039510  -0.024852   0.032895  -0.009782  -0.026279   0.019581   0.011335  -0.050251   0.083613  -0.003144
        61   0.054369   0.014804  -0.003804  -0.025204  -0.029596  -0.021778  -0.024227  -0.041330   0.041537   0.068724   0.016422   0.007916  -0.066302  -0.011038   0.013643   0.005864
        62  -0.018595  -0.023148   0.024024  -0.058466   0.116079  -0.064727  -0.014950  -0.061883  -0.031536  -0.000604  -0.031774  -0.010245   0.219067  -0.011192  -0.018868  -0.013184
        63   0.029438   0.126094   0.000728   0.083648  -0.063215  -0.037277   0.007257  -0.051543  -0.059157  -0.056362  -0.006211   0.035055   0.107431  -0.046069  -0.045357  -0.024461
        64   0.011661   0.017460  -0.018113   0.064182   0.028924  -0.054553   0.068680   0.004026   0.050165  -0.022871  -0.009482  -0.000703  -0.028733  -0.015644  -0.085713  -0.009288
        65   0.066002   0.043490   0.014681  -0.052963  -0.013699  -0.022994  -0.056155   0.026434  -0.014928  -0.062406  -0.012375   0.054275   0.064107  -0.014428  -0.012053  -0.006989
        66   0.022166   0.037047   0.017472   0.065840   0.046347  -0.018963  -0.096439   0.053760  -0.009285  -0.016931  -0.008820   0.010179  -0.029447  -0.071706  -0.004492   0.003272
        67  -0.020381  -0.004034  -0.059600   0.175572  -0.041228  -0.068709  -0.024382   0.125544   0.001497  -0.058436  -0.040604   0.067042  -0.000242  -0.045932  -0.024821   0.018716
        68   0.000498   0.004147  -0.024876   0.005714  -0.048444  -0.041454  -0.030095  -0.011282  -0.022803  -0.098139  -0.036599   0.053971   0.089153   0.059074   0.070961   0.030175
        69  -0.042700  -0.026630   0.033307   0.044379  -0.015766  -0.063370   0.006311  -0.013594   0.021511  -0.076185   0.011479   0.012538   0.093696  -0.043383   0.030742   0.027663