       pos      val_A      val_C      val_G      val_T
        37   0.008955  -0.026618   0.024102  -0.006439
        38  -0.032818   0.013185   0.103937  -0.084303
        39  -0.001722  -0.081203   0.010293   0.072632
        40   0.021083  -0.026328  -0.035261   0.040505
        41  -0.204426  -0.242196   0.457301  -0.010679
        42   0.102480  -0.101395   0.032330  -0.033415
        43  -0.089146   0.046986  -0.112482   0.154642
        44   0.101515  -0.055440  -0.052737   0.006662
        45   0.044574  -0.050368  -0.021231   0.027025
        46  -0.004758  -0.060979   0.056618   0.009119
        47   0.008361  -0.020876   0.052412  -0.039897
        48   0.004020  -0.038786  -0.007638   0.042404
        49   0.056240  -0.072662  -0.022737   0.039159
        50  -0.000688  -0.039336  -0.002669   0.042693
        51   0.152354  -0.057045  -0.028480  -0.066829
        52   0.022945   0.017654  -0.001420  -0.039179
        53  -0.003753  -0.014334  -0.009921   0.028008
        54   0.025004  -0.024353  -0.003891   0.003240
        55   0.067449  -0.033275  -0.034414   0.000240
        56  -0.002883  -0.025460   0.003018   0.025325
        57   0.010808  -0.027428  -0.027172   0.043792
        58  -0.044926  -0.031646  -0.048508   0.125080
        59   0.117133  -0.074423   0.048029  -0.090739
        60  -0.012793  -0.054797   0.089185  -0.021595
        61  -0.022014  -0.247133   0.300011  -0.030864
        62  -0.045011  -0.028770   0.043313   0.030468
        63   0.018045  -0.065007  -0.043660   0.090623
        64   0.123561  -0.046728  -0.053193  -0.023640
        65   0.005803  -0.034869  -0.037655   0.066721
        66   0.256985  -0.042880  -0.105063  -0.109041
        67   0.217654   0.068694  -0.141898  -0.144451
        68  -0.031786  -0.058565  -0.023204   0.113555
        69   0.093474  -0.059461  -0.000148  -0.033865
        70   0.021536  -0.064753   0.000253   0.042964
