       pos      val_A      val_C      val_G      val_T
        37   0.019606  -0.024559   0.017305  -0.012351
        38  -0.016487   0.045485   0.089976  -0.118974
        39  -0.025440  -0.102471  -0.025559   0.153471
        40  -0.018548  -0.044964  -0.016276   0.079789
        41  -0.311448  -0.204297   0.377970   0.137774
        42   0.155904  -0.178728   0.122110  -0.099286
        43  -0.173798   0.147197  -0.141617   0.168218
        44   0.116884  -0.118054  -0.032934   0.034105
        45   0.033479  -0.029960  -0.013741   0.010221
        46   0.002932  -0.024515   0.023315  -0.001731
        47   0.002652  -0.010143   0.023848  -0.016357
        48  -0.005236  -0.010917  -0.002368   0.018521
        49   0.045304  -0.024080   0.006739  -0.027962
        50  -0.026012  -0.005722   0.001108   0.030626
        51   0.075539  -0.022489   0.004854  -0.057905
        52   0.003135   0.013362   0.006194  -0.022691
        53   0.001127  -0.009254  -0.007537   0.015664
        54   0.002252  -0.007850  -0.001714   0.007312
        55   0.027301  -0.011438  -0.010367  -0.005496
        56  -0.001976  -0.007888   0.006050   0.003814
        57   0.007711  -0.016661  -0.013647   0.022597
        58  -0.020811  -0.023143  -0.025117   0.069072
        59   0.076793  -0.036715   0.034551  -0.074629
        60  -0.004854  -0.035367   0.061390  -0.021169
        61  -0.000716  -0.131228   0.144620  -0.012676
        62  -0.034755  -0.014865   0.037467   0.012154
        63   0.009600  -0.101287  -0.102823   0.194511
        64   0.275738  -0.085766  -0.028041  -0.161931
        65   0.030373  -0.051298  -0.057660   0.078586
        66   0.134531  -0.008220  -0.052278  -0.074033
        67   0.112296   0.042700  -0.068954  -0.086041
        68  -0.034677  -0.128605  -0.067975   0.231257
        69   0.068012  -0.049430   0.012308  -0.030890
        70   0.026681  -0.059042   0.002845   0.029517