       pos     val_AA     val_AC     val_AG     val_AT     val_CA     val_CC     val_CG     val_CT     val_GA     val_GC     val_GG     val_GT     val_TA     val_TC     val_TG     val_TT
        37   0.045812  -0.001269  -0.001392  -0.021459  -0.064279   0.012195  -0.039173  -0.012072  -0.014997   0.013142   0.049533   0.013126   0.049151  -0.002262  -0.021399  -0.004659
        38  -0.068900   0.019622   0.004796   0.051834  -0.006141  -0.050825  -0.024699   0.095136  -0.111370  -0.004335  -0.008488   0.103428  -0.016290  -0.017746   0.040721  -0.006743
        39  -0.070704   0.037611  -0.055623   0.018079   0.049939   0.007256  -0.021542   0.043128  -0.031161   0.117238   0.032523   0.025796  -0.041821  -0.090182  -0.046809   0.026273
        40   0.008098   0.001478  -0.126318   0.027173  -0.026093   0.132065  -0.079853   0.049981   0.012998  -0.031864  -0.071968   0.003560  -0.043997  -0.042456   0.159879   0.027317
        41  -0.063570   0.063493  -0.035037   0.008697  -0.045464   0.045867   0.041298   0.040100   0.135355  -0.066356  -0.140017  -0.024665   0.019039  -0.048264   0.036563   0.032962
        42  -0.031277   0.076784  -0.033830   0.026309   0.058701  -0.019468  -0.024084  -0.027783  -0.014701   0.003310  -0.043499  -0.049679   0.035319  -0.073341   0.086121   0.031118
        43  -0.037998   0.020306  -0.040762   0.058468   0.019084  -0.050669  -0.048460   0.019303  -0.046926   0.008555  -0.044439   0.019491   0.058600   0.000130   0.046207   0.019111
        44   0.056702   0.016346   0.018374  -0.026890   0.079817  -0.031542   0.023244  -0.021425   0.005688  -0.007775   0.036044  -0.049639  -0.048030  -0.044736  -0.043233   0.037054
        45  -0.007781  -0.038482   0.065264  -0.022258  -0.031804  -0.037819  -0.050471  -0.045048   0.004767  -0.012661  -0.030520  -0.024592   0.068582  -0.002446   0.152572   0.012696
        46   0.006295  -0.056949   0.058604  -0.016018  -0.008964   0.004428  -0.113462  -0.015242   0.026612   0.049648  -0.019407   0.038160   0.018856   0.000167   0.025035   0.002238
        47  -0.001908   0.032506  -0.030627   0.008768  -0.003887  -0.035035   0.014746  -0.012591  -0.052985  -0.045056  -0.003453   0.018205   0.036719   0.030688   0.050188  -0.006277
        48  -0.035729  -0.002323  -0.033749   0.047255  -0.016048  -0.051598  -0.042642   0.090907  -0.036813   0.003018  -0.041451   0.103614   0.038306  -0.036292   0.020444  -0.006899
        49  -0.020771   0.009417   0.019963   0.001101  -0.001953   0.017559  -0.048762   0.005956  -0.034392  -0.032410   0.047365  -0.017965   0.017250  -0.002878   0.032421   0.008100
        50  -0.043347  -0.065317   0.017453   0.025489  -0.017607  -0.015509  -0.007625   0.006574   0.012537   0.050239  -0.012096  -0.025548   0.049283   0.004559   0.019279   0.001636
        51   0.006828   0.057497  -0.034793  -0.018238  -0.007806  -0.004132  -0.020647   0.016985   0.005857   0.008252   0.005640   0.007690  -0.022057  -0.023833   0.018512   0.004243
        52  -0.000907  -0.016050  -0.038945   0.034920   0.001813  -0.005955   0.001390   0.036732  -0.062483  -0.016286   0.013970   0.029707  -0.004593  -0.007725   0.031120   0.003292
        53   0.030507  -0.055980  -0.033015   0.037068  -0.012123  -0.004492  -0.011160   0.026510  -0.006432   0.044075  -0.009181   0.023823  -0.012983  -0.014601  -0.016496   0.014480
        54  -0.050438   0.009952   0.025754   0.062672  -0.001667  -0.005909  -0.024837   0.050384   0.009543  -0.010290  -0.050753   0.030618  -0.017726  -0.024622  -0.029402   0.026722
        55  -0.008636   0.018017   0.004731   0.001399   0.016569   0.004380   0.007631   0.016348  -0.008836   0.010892  -0.028119   0.022623  -0.012680  -0.030842  -0.059147   0.045672
        56   0.005637  -0.043867  -0.009305   0.028570  -0.011936   0.009414  -0.012072   0.011659   0.019827  -0.051051  -0.007092  -0.041969   0.038448   0.032528  -0.013117   0.044326
        57  -0.060094   0.041134   0.003639   0.063797   0.004386  -0.066888  -0.026333   0.032359  -0.021398  -0.017277  -0.014010   0.007599  -0.005242   0.008775   0.006102   0.043451
        58  -0.056670  -0.008095   0.007034  -0.074922   0.011962  -0.013423   0.003298  -0.086397   0.010891  -0.012141   0.004290  -0.083949   0.090188   0.032698   0.144362   0.030875
        59  -0.031347  -0.037671  -0.022284   0.038407  -0.026635  -0.042515   0.000732  -0.041809   0.045809  -0.015372   0.023224  -0.003942   0.022446   0.003006   0.084394   0.003558
        60   0.000999  -0.020035  -0.017001  -0.003805  -0.060793  -0.044944  -0.025332  -0.011598   0.011748  -0.010369  -0.005718   0.040291   0.014936  -0.040639   0.181230  -0.008970
        61  -0.073090   0.003498   0.022393   0.026525  -0.036047  -0.014226  -0.034259  -0.019019   0.022063   0.054906   0.004563   0.064084  -0.003399  -0.047025   0.034894  -0.005861
        62  -0.059854  -0.024414  -0.022915  -0.029512  -0.020733   0.013323  -0.007608  -0.034051  -0.031260   0.005290  -0.009267   0.016606   0.240809   0.009534  -0.028532  -0.017417
        63   0.032040   0.011308  -0.010861   0.084170  -0.046956  -0.062348   0.041563   0.059168  -0.051167   0.038385  -0.127357   0.059511   0.070188  -0.040179  -0.036972  -0.020493
        64   0.041971  -0.019640  -0.020904   0.066722  -0.005673  -0.008813   0.019752   0.005942  -0.040965   0.045583  -0.093064   0.018861   0.021855  -0.026624  -0.000521  -0.004482
        65   0.022441   0.050073  -0.004708  -0.048121   0.018985  -0.031400   0.002274   0.003144   0.002653  -0.052616  -0.007722  -0.034554   0.103038  -0.009280  -0.010350  -0.003858
        66  -0.016694   0.067117   0.009853   0.052121   0.012545  -0.061960  -0.045570   0.017040   0.000841  -0.009396  -0.036700  -0.009973   0.039113  -0.032429   0.026630  -0.012538
        67   0.031061  -0.055986  -0.058057   0.167299  -0.066026   0.008184  -0.041234   0.110922  -0.031553  -0.046620   0.041754   0.039145  -0.027891  -0.040914  -0.029673  -0.000410
        68  -0.026580  -0.049687  -0.017811   0.056091  -0.074744   0.062949  -0.037559  -0.029559  -0.022004  -0.018422  -0.038339   0.047979   0.092937  -0.010225   0.051277   0.013696
        69   0.051338  -0.112901   0.026219   0.018201  -0.014744  -0.039123   0.034219   0.017511   0.001952  -0.040054  -0.002401   0.011319  -0.007377   0.033373   0.005460   0.017008
