       pos     val_AA     val_AC     val_AG     val_AT     val_CA     val_CC     val_CG     val_CT     val_GA     val_GC     val_GG     val_GT     val_TA     val_TC     val_TG     val_TT
        37   0.010191   0.044788   0.044579   0.003852  -0.013918   0.015818   0.046634  -0.006083   0.027357   0.042829   0.048477   0.017973   0.040833   0.025142   0.009395   0.010339
        38  -0.046743  -0.042452  -0.024082   0.024306  -0.028668  -0.073367  -0.080147   0.046147  -0.049108   0.011352  -0.071863   0.070901  -0.006571  -0.065277   0.119324  -0.036510
        39  -0.025459   0.038012  -0.021484   0.031524   0.054677  -0.019075  -0.041326  -0.009124   0.002332   0.151147  -0.039124   0.059174  -0.009680  -0.032229   0.007141   0.025484
        40   0.037072   0.021979  -0.087178   0.076567  -0.031446  -0.015527  -0.090281   0.061958  -0.014498  -0.039349  -0.062587   0.041914  -0.076368  -0.091279   0.103358   0.064636
        41  -0.105720   0.012474  -0.000506   0.018215  -0.025760   0.075365  -0.024635   0.030015   0.128174  -0.062728  -0.104280  -0.094976  -0.001401  -0.083612   0.039591  -0.023621
        42  -0.038071   0.059604  -0.093690   0.051809   0.008557  -0.024210   0.029244  -0.017646   0.001376   0.005524  -0.070385  -0.118231   0.034856  -0.046777   0.078114   0.009033
        43  -0.071150  -0.005852  -0.023423  -0.009239   0.020512  -0.050844  -0.039164   0.045576  -0.001163   0.009160  -0.034719   0.007757   0.063118  -0.080467   0.070327  -0.005103
        44   0.078735   0.041133   0.073407   0.048193   0.012899  -0.022347  -0.026949   0.070548   0.057818   0.001830   0.035259   0.008301  -0.015514  -0.035685  -0.028584   0.004524
        45   0.024583   0.025074  -0.003895  -0.031249  -0.003144  -0.018500  -0.008693  -0.033419  -0.035864  -0.037831   0.003456  -0.053894   0.024293  -0.018950   0.120579  -0.020748
        46   0.003668  -0.045188   0.015296  -0.015730  -0.047922  -0.046364  -0.019102  -0.017231  -0.024217   0.096773   0.040557   0.003142   0.015698  -0.013039   0.045792   0.018271
        47  -0.001799   0.015204  -0.029440   0.016669   0.059220   0.017610   0.010800   0.033369  -0.031914   0.005603  -0.034121  -0.001390   0.001480  -0.016097   0.011975  -0.001879
        48  -0.050506  -0.025091  -0.036273  -0.015474  -0.042706  -0.058566  -0.015127   0.038092  -0.050680  -0.145875  -0.043146  -0.029492  -0.024474  -0.059204  -0.038739  -0.059908
        49  -0.001654   0.012310   0.009905   0.003291   0.017390   0.011310  -0.004066  -0.013846  -0.021981  -0.006982  -0.010642  -0.016396   0.062010  -0.017809   0.004539  -0.019883
        50  -0.036219   0.039881  -0.022533  -0.002243  -0.031942  -0.003962  -0.020020  -0.016668  -0.042905   0.033372  -0.018976   0.049076   0.054563   0.012401   0.011403  -0.013873
        51   0.055405   0.049108   0.002623  -0.004159   0.037547   0.010598  -0.034702   0.013268   0.015915   0.029444   0.031010   0.038891   0.030017   0.008141   0.026982  -0.015441
        52   0.001780   0.050998  -0.006464   0.047594   0.020811   0.005195   0.014898   0.049625  -0.000773   0.014630  -0.024385   0.046256   0.001284   0.021915   0.024583   0.014679
        53  -0.013819   0.013310  -0.009186  -0.009182  -0.013011  -0.067200   0.000880  -0.006054  -0.019994  -0.053442  -0.031035  -0.010812  -0.036938  -0.029882  -0.051850  -0.029699
        54  -0.012997   0.003200   0.006048   0.020789  -0.014104  -0.014175   0.043522   0.001762   0.016975   0.015904   0.029878   0.008409  -0.004750  -0.001151  -0.009041   0.002634
        55   0.011927   0.006937  -0.021260   0.026386  -0.013484  -0.025034  -0.030049  -0.008255   0.014554  -0.021013   0.002295   0.027325   0.006341  -0.026750  -0.011624   0.000653
        56  -0.057340  -0.034868  -0.051696  -0.000400  -0.029952  -0.044246  -0.040897  -0.019850   0.018543  -0.092587  -0.024511  -0.044961  -0.046572  -0.047614  -0.053324  -0.009445
        57  -0.029312  -0.007777  -0.022392  -0.003393  -0.012538   0.013720  -0.028030  -0.005920  -0.038658   0.002048  -0.027162  -0.018646  -0.027338   0.007831  -0.023372  -0.019101
        58   0.009260  -0.000438   0.025282  -0.069511   0.029240  -0.045881  -0.021761  -0.062513   0.009445  -0.014404  -0.023764  -0.058942   0.079595   0.032028   0.081469   0.011033
        59  -0.051547  -0.031235  -0.006005  -0.011270  -0.059070  -0.064468  -0.033566  -0.062157   0.009482  -0.019427   0.003057  -0.011754  -0.024601  -0.067239   0.046964  -0.045533
        60  -0.029929  -0.027792  -0.008691  -0.020907  -0.058160  -0.033928  -0.088404  -0.026538  -0.005459  -0.022215  -0.006083  -0.004735  -0.000948  -0.045591   0.089006  -0.034457
        61  -0.004923  -0.024245  -0.003396   0.049929  -0.028750  -0.025986  -0.049504  -0.001692   0.026022   0.041654   0.000084   0.049361   0.033754  -0.023393   0.024068  -0.024961
        62  -0.012185   0.018269   0.030314  -0.001239   0.030547   0.019725   0.010473   0.015919  -0.013955   0.001975  -0.001062   0.068738   0.280695   0.005486  -0.044668   0.000575
        63   0.010830   0.066730  -0.007349  -0.013308  -0.035458  -0.015899  -0.020887  -0.066470  -0.045687  -0.095366  -0.020970   0.039090   0.057356  -0.094840  -0.014705  -0.056767
        64   0.016873  -0.023207   0.002392   0.067320  -0.076806   0.042674   0.080872   0.015408   0.011699   0.033884  -0.037034  -0.037735  -0.010318   0.014249   0.037273  -0.027347
        65   0.001570  -0.033440   0.001344   0.031494   0.083159  -0.007941  -0.010366  -0.031190  -0.004755  -0.007514  -0.033518   0.034683   0.069831   0.023143  -0.020376  -0.023062
        66   0.066543   0.057015   0.050668   0.041965  -0.016578   0.008026  -0.050749  -0.007722   0.027391  -0.013840  -0.007535   0.005387   0.033503  -0.044959   0.022806  -0.006390
        67   0.027266  -0.013670  -0.003175   0.163804  -0.029810  -0.006047   0.015386   0.157772   0.053691   0.013227   0.002793   0.074002   0.007613   0.023574   0.018259   0.055111
        68  -0.016466   0.013912  -0.035396  -0.038169  -0.053326  -0.023174  -0.060919  -0.019839  -0.049728   0.013051  -0.057568  -0.067631   0.098239   0.003716   0.050951   0.013225
        69  -0.016547  -0.005192   0.012375   0.009712   0.011615  -0.011776   0.002779   0.022459   0.018398  -0.049071   0.000746   0.020704   0.051664   0.042354   0.008830   0.025202