       pos     val_AA     val_AC     val_AG     val_AT     val_CA     val_CC     val_CG     val_CT     val_GA     val_GC     val_GG     val_GT     val_TA     val_TC     val_TG     val_TT
        37  -0.004875   0.002647   0.033097  -0.036343  -0.019440  -0.016920  -0.013013  -0.003813   0.010485   0.012152   0.036100  -0.010817   0.037394  -0.012518  -0.019551   0.005414
        38  -0.034527  -0.018675   0.008975   0.017805  -0.021112  -0.058834  -0.030783   0.046103  -0.028023   0.005857  -0.060379   0.069192   0.000328  -0.048724   0.159881  -0.007083
        39  -0.036786   0.025827  -0.033950   0.043811   0.056454  -0.083543  -0.038309   0.027259  -0.030591   0.154414  -0.003250   0.039357  -0.038394  -0.071593  -0.024182   0.013476
        40   0.038802   0.022032  -0.164725   0.072930  -0.030895   0.031172  -0.034468   0.077651   0.021100  -0.013644  -0.115232   0.026440  -0.042754  -0.050203   0.143730   0.018065
        41  -0.034771   0.072298  -0.013473   0.004621  -0.037944   0.064437  -0.043421   0.048707   0.175181  -0.096923  -0.128045  -0.078485   0.019667  -0.022119   0.041601   0.028671
        42   0.001869   0.057196  -0.016994   0.057977   0.013758  -0.019006   0.042754  -0.041897   0.014749   0.016567  -0.080792  -0.115947   0.010026  -0.035549   0.072140   0.023149
        43  -0.020760   0.034840  -0.041833   0.006131   0.020461  -0.046948  -0.035405   0.019074  -0.005953   0.005259  -0.047897   0.003674   0.076478  -0.066643   0.091879   0.007643
        44   0.063033   0.016098   0.027911   0.006625  -0.002930  -0.010062  -0.017673   0.000614   0.030446  -0.016992   0.011739  -0.015009  -0.039620  -0.037176  -0.035509   0.018503
        45   0.013633   0.020255  -0.011103  -0.025758  -0.011031  -0.042506  -0.023863  -0.024634  -0.016059  -0.047633   0.016499  -0.020242   0.009990  -0.029094   0.186520   0.005028
        46  -0.005347  -0.022232   0.020844  -0.026062  -0.035493  -0.007856  -0.059022  -0.025937   0.005527   0.112305   0.013774   0.007118   0.013059  -0.010574   0.022199  -0.002305
        47  -0.023277  -0.007227  -0.018874   0.005079   0.050082   0.009390  -0.017143   0.007270  -0.012746   0.018120  -0.054058   0.024434   0.014421  -0.001371   0.013713  -0.007816
        48  -0.024106   0.022184   0.011985   0.028849  -0.034153  -0.003286  -0.030409   0.097193  -0.015758  -0.058924  -0.006417   0.015170   0.027229  -0.007165  -0.017186  -0.005208
        49  -0.024406  -0.008882   0.004789   0.005645   0.008595  -0.011799   0.014127  -0.034182  -0.008600   0.001666  -0.010412  -0.000749   0.032220  -0.001355   0.032569   0.000775
        50  -0.065353   0.014079   0.006381   0.024869  -0.025851  -0.014091  -0.018810   0.010550  -0.022835   0.007005  -0.025073   0.054142   0.072860  -0.019546   0.007857  -0.006183
        51   0.033513   0.047227  -0.041126  -0.054641   0.014894   0.010472  -0.020963   0.009194  -0.008559   0.005202   0.000303  -0.000442   0.014615  -0.023968   0.013924   0.000355
        52   0.005492   0.028957  -0.036015   0.039854   0.009639  -0.009012  -0.005585   0.027715  -0.034089  -0.036658  -0.018783   0.025493   0.013030  -0.005912  -0.000436  -0.003689
        53  -0.013221   0.025376   0.008691   0.008141   0.014643  -0.042574   0.028087   0.012134  -0.030390  -0.009304  -0.006907   0.020697  -0.000724  -0.011901  -0.007788   0.005040
        54  -0.007657  -0.009272  -0.038868   0.058538  -0.023978  -0.029585   0.042713   0.004880   0.035133  -0.019475   0.016471   0.022387  -0.001579  -0.028068  -0.034787   0.013148
        55   0.018384   0.010095  -0.014851   0.048711  -0.015335  -0.016095  -0.024706   0.030156   0.027001  -0.013576  -0.003248   0.035772  -0.036453  -0.053263  -0.020845   0.028253
        56  -0.003389   0.007699  -0.009567   0.048852  -0.012226  -0.003980  -0.016305   0.009669   0.041251  -0.061511   0.002083   0.004524  -0.000465  -0.000078  -0.047307   0.040752
        57   0.009154   0.018190   0.000360   0.019409  -0.013343   0.002853  -0.029809   0.004370  -0.034465   0.001410  -0.011907  -0.004194   0.028480  -0.017961  -0.018784   0.046237
        58  -0.020740  -0.005147   0.027333  -0.099513   0.054470  -0.036512   0.012327  -0.113686  -0.016595  -0.026656  -0.028541  -0.076242   0.116586   0.034629   0.154023   0.024264
        59  -0.038717  -0.022292   0.038109   0.049227  -0.042188  -0.054577  -0.005685  -0.038630   0.019147  -0.008203   0.036193   0.010612   0.010429  -0.038473   0.087633  -0.002585
        60  -0.032019  -0.024538  -0.010928  -0.026901  -0.065952  -0.026519  -0.106292   0.032161   0.051654  -0.021163   0.013758   0.068943   0.020247  -0.048000   0.188899  -0.013349
        61  -0.041864  -0.038787   0.016554   0.059207  -0.027754  -0.016364  -0.040532  -0.014391   0.003978   0.040058   0.024037   0.038541   0.006199  -0.038550   0.037724  -0.008054
        62  -0.060821  -0.011876  -0.008115  -0.017766  -0.008811  -0.025646  -0.038878  -0.019447  -0.043366   0.005121   0.002287   0.034602   0.299342  -0.029282  -0.059503  -0.017839
        63   0.025885   0.081725   0.043070   0.041367  -0.033548   0.015008  -0.029534  -0.007906  -0.022909  -0.079225  -0.025062   0.028691   0.026447  -0.028118  -0.019478  -0.016413
        64   0.003165  -0.028546  -0.005180   0.041846  -0.049189   0.016639   0.037740  -0.000391   0.026704   0.038510  -0.065114  -0.015694  -0.020521   0.034884  -0.002292  -0.012560
        65  -0.036920  -0.015178  -0.011359  -0.004671   0.072514  -0.011347  -0.012830  -0.015138   0.006847  -0.044664  -0.031330   0.006013   0.136613   0.003921  -0.022838  -0.019632
        66   0.049435   0.078914   0.029869   0.033038  -0.032776   0.011853  -0.043743   0.009602   0.012963  -0.035708  -0.042901  -0.000509   0.016006  -0.068704  -0.000758  -0.016582
        67  -0.034655  -0.025135  -0.036832   0.181073  -0.077035  -0.034354  -0.008567   0.145133   0.028340  -0.027547  -0.052082   0.032579  -0.026302  -0.024734  -0.033008  -0.006876
        68  -0.037068   0.023309  -0.012780  -0.007576  -0.028015   0.005574  -0.025077   0.011286  -0.005670  -0.013175  -0.000933  -0.035172   0.080487   0.000665   0.032139   0.012008
        69  -0.015932  -0.034056   0.019098   0.020937   0.024726  -0.027511  -0.012424   0.011894   0.007987  -0.045655  -0.005654   0.016983   0.016381   0.022337  -0.006198   0.007086