       pos      val_A      val_C      val_G      val_T
        37  -0.003137  -0.005985   0.008051   0.001071
        38  -0.020861   0.071233   0.089344  -0.139717
        39  -0.073907  -0.074956  -0.040499   0.189363
        40  -0.010222  -0.147013  -0.001661   0.158896
        41  -0.252360  -0.138208   0.319238   0.071330
        42   0.156926  -0.154926   0.094901  -0.096901
        43  -0.110272   0.192039  -0.168754   0.086987
        44   0.097028  -0.074909  -0.038284   0.016165
        45   0.037715  -0.032021  -0.007583   0.001889
        46  -0.001125  -0.014197   0.023160  -0.007839
        47   0.015952  -0.014516   0.006480  -0.007916
        48  -0.011718   0.004749  -0.009606   0.016576
        49   0.037208  -0.029078   0.010600  -0.018730
        50  -0.020104   0.000050   0.004602   0.015452
        51   0.058916  -0.017362   0.013602  -0.055156
        52  -0.008544   0.024484   0.011123  -0.027063
        53  -0.001145  -0.009876  -0.004213   0.015233
        54  -0.000400  -0.001271  -0.016919   0.018591
        55  -0.000161  -0.001645  -0.010398   0.012204
        56  -0.003967  -0.009583  -0.005637   0.019187
        57   0.010995  -0.018261  -0.021524   0.028791
        58  -0.032608  -0.018026  -0.018828   0.069463
        59   0.074872  -0.040165   0.037742  -0.072449
        60   0.015472  -0.042669   0.047056  -0.019859
        61  -0.002226  -0.126358   0.143634  -0.015050
        62  -0.042496  -0.009212   0.037054   0.014654
        63   0.047916  -0.064536  -0.155615   0.172235
        64   0.366050  -0.199191  -0.095446  -0.071413
        65   0.041708  -0.061664  -0.053706   0.073662
        66   0.129457  -0.020735  -0.051010  -0.057711
        67   0.117574   0.029932  -0.070301  -0.077206
        68   0.024875  -0.098067  -0.164320   0.237512
        69   0.080037  -0.071633   0.014917  -0.023322
        70   0.029630  -0.057018  -0.002925   0.030313