       pos     val_AA     val_AC     val_AG     val_AT     val_CA     val_CC     val_CG     val_CT     val_GA     val_GC     val_GG     val_GT     val_TA     val_TC     val_TG     val_TT
        37  -0.071681  -0.049860  -0.048342  -0.028398  -0.069420  -0.077715  -0.042334  -0.075455  -0.075821  -0.055892  -0.032674  -0.048797  -0.054129  -0.072848  -0.015120  -0.083528
        38   0.032092   0.070514   0.089858   0.062906   0.025387   0.010379  -0.006858   0.111870   0.056042   0.037117   0.039622   0.087011   0.032915   0.004366   0.071485  -0.011265
        39  -0.019259   0.066894  -0.023016  -0.041577  -0.012484   0.038364  -0.039529  -0.039958  -0.053181   0.003508  -0.049771  -0.027942   0.014839  -0.053363  -0.000716   0.067548
        40  -0.061032  -0.005138  -0.013874   0.018156  -0.056449   0.007517  -0.003895  -0.047084  -0.025005  -0.009465   0.007341   0.048370  -0.103054  -0.052262   0.092096   0.054106
        41  -0.073106  -0.012897  -0.004921  -0.071578  -0.080608  -0.087904  -0.042888  -0.029559   0.074620   0.018544  -0.052691   0.001777  -0.026150  -0.043998   0.006910  -0.024443
        42  -0.025001   0.107441  -0.041491   0.035682   0.034694  -0.029048   0.004754  -0.009307  -0.025140   0.013830  -0.016457  -0.011219   0.026871  -0.029853   0.003654   0.001995
        43   0.010214  -0.025292   0.000421   0.009654   0.055238  -0.033238  -0.002240   0.011381  -0.019600  -0.001177   0.012146  -0.009297   0.028483   0.002555  -0.052615  -0.022079
        44  -0.003354  -0.022142  -0.002153  -0.006916  -0.023779  -0.023446  -0.023017   0.021884   0.012517  -0.039298  -0.037739  -0.004595  -0.053632  -0.019456  -0.014727   0.018741
        45   0.010658   0.043190   0.026920   0.004151  -0.006068   0.007786   0.014812  -0.019289   0.013262  -0.003512  -0.005822  -0.028167   0.027067   0.044529   0.044814  -0.004664
        46  -0.057826  -0.005871   0.010287  -0.014750  -0.043490  -0.013238  -0.055471  -0.030211  -0.087886  -0.012931  -0.028946  -0.007162  -0.011719  -0.003823  -0.029955   0.007117
        47   0.035178   0.075477   0.042229   0.024866   0.031145  -0.016021   0.002981   0.002480   0.026601   0.041757   0.044962   0.038970   0.015119   0.018201   0.008284  -0.013224
        48  -0.040713  -0.023860  -0.043913  -0.022928  -0.033597   0.008271  -0.053437  -0.023800  -0.017826  -0.016327  -0.012123  -0.023552   0.008342  -0.004328   0.002304  -0.020712
        49   0.023288   0.018927   0.021043   0.037528   0.003114   0.002718  -0.010451   0.014711   0.037407  -0.003164   0.024741   0.028263   0.016747   0.021587   0.007558   0.020517
        50   0.002596  -0.007318  -0.040626  -0.026441   0.001939   0.017492  -0.022378  -0.064353  -0.050430   0.024718  -0.011769  -0.026753   0.017846  -0.015899  -0.018632  -0.026457
        51  -0.053431  -0.056925  -0.073595  -0.095844  -0.066574  -0.080303  -0.053025  -0.076988  -0.051453  -0.064058  -0.049472  -0.057340  -0.059272  -0.090402  -0.043209  -0.126508
        52   0.039027   0.024951   0.032161   0.007890   0.051228   0.043068   0.017288   0.029559   0.059569   0.016819   0.042499   0.014684   0.029453   0.025181   0.040352  -0.001977
        53  -0.041791  -0.026884  -0.017478  -0.034065  -0.031979  -0.004572  -0.031004  -0.014166  -0.003790  -0.040685  -0.009397   0.013894  -0.005066   0.014687   0.003055   0.008971
        54   0.108649   0.047430   0.038468   0.062240   0.050030   0.024820   0.051079   0.050238   0.014884   0.037362   0.028506   0.026086   0.076924   0.042316   0.055879   0.038899
        55   0.004954  -0.012899   0.008814  -0.029358   0.028925   0.013300   0.041071   0.016929   0.050778   0.000503   0.063325  -0.002089   0.047708   0.023364   0.066304   0.027796
        56   0.027962   0.010802   0.016389   0.037564   0.038999   0.014806   0.024073   0.033229  -0.008235  -0.017385  -0.004817  -0.013244   0.035795   0.015703   0.036438   0.030715
        57  -0.050090   0.026090  -0.012930   0.009689  -0.009090   0.011982  -0.006199   0.033351  -0.054633   0.012280  -0.011683  -0.008268  -0.037894   0.029734   0.007558   0.020411
        58   0.033153  -0.007675   0.024370   0.009336  -0.017227  -0.068998  -0.018096  -0.069690  -0.008104  -0.043230  -0.027606  -0.029832   0.002478   0.008376   0.055378   0.017927
        59   0.004299   0.014204  -0.012038   0.042149   0.010885  -0.011505   0.011030  -0.004923   0.038408  -0.032805   0.019005   0.020306  -0.063082  -0.005879  -0.007167  -0.047138
        60   0.013104  -0.009802  -0.013535   0.018250   0.021783  -0.012004  -0.008663   0.052400   0.046326   0.018049   0.010614   0.058763   0.059165  -0.020555   0.094437   0.010753
        61  -0.056341  -0.001526  -0.033123  -0.043353  -0.046452  -0.000028  -0.031229  -0.006992   0.004528   0.058568   0.019429   0.034576   0.001354  -0.002297   0.010445  -0.000220
        62  -0.006816  -0.005220  -0.025059   0.010491   0.020556  -0.031263   0.013053  -0.047555  -0.009913   0.014162  -0.052761   0.035850   0.113192  -0.040949   0.011183  -0.001336
        63   0.113228   0.052238  -0.015532   0.098029   0.057289   0.074677   0.030993   0.024703   0.013932   0.070817   0.073417   0.094344   0.191235   0.009971  -0.027783   0.015849
        64   0.026614  -0.004875   0.009590   0.068854  -0.011223  -0.053069  -0.013029  -0.066434   0.000500  -0.046928  -0.035453  -0.036645   0.019640  -0.021411   0.007974  -0.074613
        65   0.015712   0.034305   0.032977   0.023180   0.054408  -0.008172   0.033889   0.066932   0.049144   0.056350   0.011814   0.017086   0.097226   0.032189   0.026049   0.014023
        66  -0.040488  -0.054018   0.009346   0.002332  -0.037087  -0.053805  -0.023385  -0.024336  -0.035978  -0.042497  -0.054607  -0.043525  -0.015943  -0.026555  -0.006886  -0.042146
        67  -0.039830   0.024829  -0.047137   0.120850  -0.011898  -0.017549  -0.027945   0.073553  -0.016126  -0.053267  -0.066000   0.021334  -0.015904  -0.103854  -0.087034   0.005703
        68  -0.088167  -0.030247  -0.053752  -0.046415  -0.060129  -0.052942  -0.081361  -0.097018  -0.052947  -0.040012  -0.074130  -0.056415   0.054861  -0.006854   0.054846   0.007157
        69  -0.054524  -0.062883  -0.031782  -0.023941  -0.079634  -0.014338  -0.033739  -0.042674  -0.065338  -0.130431  -0.082420  -0.064541  -0.025036  -0.097389  -0.037942  -0.039088