       pos     val_AA     val_AC     val_AG     val_AT     val_CA     val_CC     val_CG     val_CT     val_GA     val_GC     val_GG     val_GT     val_TA     val_TC     val_TG     val_TT
        37  -0.021156  -0.007182  -0.014718  -0.057628   0.000197  -0.037650  -0.033644  -0.066940   0.007786  -0.009111   0.003783  -0.020554  -0.004632  -0.027539  -0.032471  -0.056366
        38  -0.010130  -0.001761   0.019854  -0.034808  -0.019064  -0.022169  -0.028632   0.022779  -0.037450  -0.060112   0.008845   0.043192  -0.002957   0.020299   0.049596  -0.078920
        39  -0.060672  -0.010314  -0.010301  -0.004711  -0.068566  -0.029481  -0.040571  -0.092292  -0.009208   0.030542  -0.018019  -0.018158   0.001630  -0.032609   0.029748   0.041588
        40  -0.039393  -0.003088  -0.048865   0.031813   0.020342   0.014684   0.019701   0.015116  -0.012134   0.008576  -0.024506  -0.022752  -0.046288  -0.075049   0.135309   0.022032
        41  -0.083858   0.047211   0.013589   0.001215  -0.014943   0.034109  -0.004867   0.085579   0.177936   0.037082  -0.016650  -0.008120   0.110606   0.012986   0.100929   0.079822
        42  -0.005654   0.080754  -0.083828   0.071477   0.064252  -0.032464   0.023859  -0.069393   0.018034   0.072879   0.031706   0.020089   0.014598  -0.025201   0.043205  -0.030337
        43  -0.061654  -0.021232  -0.017794   0.011064   0.051490  -0.044853  -0.010043   0.031015   0.023148  -0.047329   0.005786  -0.027415   0.089764  -0.073571   0.030809   0.000433
        44   0.057247   0.027726   0.018213   0.037662  -0.020509  -0.028828  -0.020779   0.039103   0.035156  -0.018975  -0.044015  -0.038694  -0.018687  -0.008344   0.021191   0.029529
        45   0.035263   0.052825   0.016920   0.019305   0.003778  -0.006206  -0.008599   0.003564   0.046243  -0.000039   0.059942   0.023869   0.001612  -0.006147   0.080759   0.016908
        46  -0.005999  -0.003465  -0.010801  -0.028130  -0.022906  -0.025316  -0.022910  -0.037503  -0.053063  -0.020044  -0.015392   0.000526  -0.012339  -0.020656  -0.013704  -0.024345
        47  -0.001398   0.035333  -0.012448  -0.008163   0.016143   0.016189  -0.004272  -0.012287   0.004262   0.017297  -0.005855   0.009356   0.009870  -0.012252   0.005505  -0.010873
        48   0.001417   0.073947   0.002610   0.031548   0.015255   0.040749   0.009424   0.036487   0.014710   0.041836  -0.013893   0.036477   0.047238   0.034176   0.007267   0.010607
        49  -0.009349  -0.016049   0.016029   0.029401   0.022721  -0.017336  -0.022125  -0.017239  -0.013070   0.014880  -0.074216   0.036320   0.003368  -0.007757   0.057761   0.003807
        50  -0.012632   0.024227  -0.010782  -0.003029  -0.008235  -0.004207   0.013681   0.001138  -0.032759  -0.011487  -0.019638   0.029849   0.027196  -0.029659  -0.005858  -0.025964
        51  -0.011141   0.018315   0.009233  -0.015939   0.010325  -0.007123  -0.023316   0.009544  -0.020049  -0.012927  -0.001315   0.014983   0.003461  -0.044289  -0.019321  -0.032769
        52   0.017504   0.048106  -0.021553   0.064270   0.063826   0.034814   0.016977   0.070715   0.019022  -0.007309   0.029168   0.057580   0.012067   0.042143   0.003605   0.014518
        53  -0.059512  -0.019201   0.002455  -0.053312  -0.032693  -0.051309  -0.094290  -0.036285  -0.012378  -0.029718  -0.030561  -0.016174  -0.051483  -0.056505  -0.036158  -0.052347
        54  -0.005441   0.009721   0.026716  -0.002689  -0.002121   0.004627   0.020223  -0.003958  -0.039866  -0.004792  -0.034717  -0.022391   0.006365   0.012241  -0.000507   0.000818
        55   0.042496   0.066336   0.040031   0.046806   0.005124   0.029842   0.020667   0.013000   0.067998   0.040494   0.040842   0.023844   0.029997   0.043387   0.054607   0.046076
        56   0.041927  -0.001799   0.005116   0.033771   0.006923  -0.011307  -0.021360  -0.003226   0.068323   0.014065  -0.001947  -0.001005   0.004913   0.008426   0.002431   0.040525
        57  -0.022243  -0.026045  -0.037300   0.005143  -0.036728  -0.014218  -0.039379   0.031519  -0.040998  -0.010120  -0.024938   0.019965  -0.016371   0.014063  -0.015841   0.012855
        58  -0.003906   0.007371   0.028586  -0.056239   0.006516  -0.029351  -0.001038  -0.045008  -0.004306  -0.011979  -0.008425  -0.056671   0.031407   0.004074   0.058327  -0.032363
        59   0.024917  -0.018077   0.036014   0.064497   0.015523  -0.044152   0.005338  -0.012098   0.048008   0.020955  -0.002595   0.031322   0.058418   0.004081   0.043694   0.003650
        60  -0.009076  -0.023434  -0.012646  -0.001377   0.042462   0.014859   0.048795   0.048798   0.039757   0.023807   0.034878   0.040765   0.042397  -0.020483   0.149053  -0.001669
        61  -0.010243   0.013914   0.002383   0.095087  -0.010240   0.012180  -0.032734   0.065168   0.050781   0.043788  -0.002023   0.099374   0.054056   0.004647   0.038620   0.054674
        62  -0.076947   0.006053  -0.123624  -0.045887  -0.051741   0.019427  -0.029565  -0.039068  -0.076028  -0.050140  -0.096520   0.036154   0.062908  -0.078466  -0.068083  -0.081048
        63   0.077335   0.018024   0.065738  -0.011730  -0.006530  -0.021876   0.041727  -0.003733  -0.015859   0.070828  -0.021099   0.019672   0.090936  -0.024293  -0.048090  -0.021111
        64  -0.012757  -0.016965  -0.004149   0.044726  -0.066214  -0.011174   0.014608  -0.061793  -0.000124  -0.035618  -0.038827  -0.030444  -0.043330   0.016025  -0.014544  -0.071980
        65   0.027982   0.057290   0.095906   0.084400   0.122599  -0.010916   0.032726   0.097894   0.065745   0.053838   0.024798   0.043687   0.165599   0.076787   0.065316   0.071752
        66   0.047850   0.141820   0.104076   0.023181   0.022628   0.069562   0.074716   0.008842   0.036125   0.068128   0.046161  -0.013328   0.044077   0.034936   0.064891  -0.038055
        67  -0.036156   0.009956  -0.019722   0.112294   0.011711  -0.060121  -0.043725   0.029421  -0.028105  -0.023885  -0.016321  -0.032824  -0.000536  -0.098999  -0.028604   0.020404
        68  -0.003599   0.037532  -0.028898   0.042391   0.024633  -0.037600   0.001462  -0.004914   0.043035   0.014147  -0.019443  -0.008638   0.112628   0.041279   0.112952   0.084271
        69  -0.026728  -0.031505  -0.049573   0.004316  -0.035558  -0.060884   0.035473  -0.008996  -0.038639  -0.104507  -0.055222  -0.035181  -0.015403  -0.019387  -0.045695  -0.044149