       pos      val_A      val_C      val_G      val_T
        37  -0.054918   0.305760  -0.014012   0.112113
        38   0.492755  -0.046367  -0.107853   0.939276
        39   0.786008   0.644082   0.885599  -0.045316
        40   0.585226   1.011718   1.256211  -0.049691
        41   1.549906   1.811019  -1.265812   0.164030
        42  -0.055727   1.396605   0.083322   0.886117
        43   1.460262  -0.071638   1.229708   0.342642
        44  -0.061296   0.970204   0.828363   0.487175
        45  -0.380658   0.061295  -0.063403  -0.330863
        46  -0.077532  -0.040654  -0.236790   0.015045
        47  -0.103262  -0.031421  -0.230514   0.014473
        48   0.100851   0.126466   0.064918  -0.009173
        49  -0.020512   0.486898   0.171751   0.003784
        50   0.512280   0.195209   0.141122  -0.022921
        51  -0.474786   0.236382   0.005875   0.421603
        52   0.123508  -0.027661  -0.015506   0.437805
        53   0.170262   0.144371   0.089510  -0.011968
        54   0.057840  -0.031646   0.246071  -0.007786
        55  -0.284484   0.018421   0.100061  -0.060805
        56   0.010705   0.011113  -0.150701  -0.070608
        57  -0.227462  -0.052423   0.032533  -0.253466
        58   0.026634   0.017711   0.066336  -0.630200
        59  -0.621237   0.075595  -0.530609   0.323465
        60   0.189207   0.264263  -0.291597  -0.001441
        61  -0.412749   0.360582  -1.233930  -0.415517
        62   0.423081   0.372827  -0.030201   0.071830
        63   0.479367   1.746326   1.017910  -0.046296
        64  -0.078534   1.599983   1.439408   1.359066
        65   0.655643   1.017910   0.891436  -0.050926
        66  -0.868160  -0.069086   0.097140   0.322792
        67  -0.961901  -0.615169   0.093792   0.145811
        68   1.128258   1.798763   1.149838  -0.060029
        69  -0.441937   0.407232   0.001056   0.301729
        70   0.046944   0.741023   0.238821  -0.023300