       pos      val_A      val_C      val_G      val_T
        37   0.000383  -0.029948   0.012560   0.017004
        38  -0.054158   0.056447   0.102393  -0.104681
        39  -0.076502  -0.074898  -0.035095   0.186496
        40  -0.030815  -0.129415   0.000348   0.159882
        41  -0.239295  -0.217465   0.366909   0.089851
        42   0.152432  -0.150208   0.021700  -0.023924
        43  -0.089367   0.158743  -0.171789   0.102412
        44   0.082853  -0.056840  -0.065314   0.039301
        45   0.034231  -0.049037  -0.018038   0.032844
        46  -0.007638  -0.050286   0.060356  -0.002432
        47   0.021004  -0.023963   0.021391  -0.018432
        48   0.003753  -0.021805   0.006077   0.011975
        49   0.037219  -0.057668  -0.005838   0.026287
        50  -0.007736  -0.023318   0.013079   0.017975
        51   0.081121  -0.033104  -0.025455  -0.022562
        52   0.007467   0.008891  -0.000514  -0.015844
        53  -0.003267  -0.018997   0.000334   0.021930
        54   0.018756  -0.018605  -0.022507   0.022356
        55   0.036411  -0.035515  -0.027011   0.026116
        56  -0.005481  -0.025092  -0.006458   0.037032
        57  -0.004463  -0.022145  -0.038256   0.064864
        58  -0.035856  -0.034081  -0.035300   0.105237
        59   0.079464  -0.055351   0.044353  -0.068467
        60  -0.004675  -0.026181   0.065505  -0.034649
        61  -0.013444  -0.175117   0.172717   0.015844
        62  -0.053429  -0.031899   0.032729   0.052599
        63   0.065499  -0.119079  -0.112564   0.166144
        64   0.262086  -0.101650  -0.107356  -0.053080
        65   0.043897  -0.080604  -0.047472   0.084179
        66   0.159201  -0.020034  -0.092182  -0.046985
        67   0.137718   0.026207  -0.059246  -0.104679
        68  -0.008130  -0.127098  -0.083803   0.219031
        69   0.087535  -0.081154  -0.006596   0.000214
        70   0.048122  -0.126202   0.043075   0.035005
