       pos     val_AA     val_AC     val_AG     val_AT     val_CA     val_CC     val_CG     val_CT     val_GA     val_GC     val_GG     val_GT     val_TA     val_TC     val_TG     val_TT
        37  -0.025198  -0.006722   0.003139  -0.002525  -0.085897  -0.007749  -0.053907  -0.034168  -0.019709  -0.001951   0.023892   0.007305   0.022570  -0.006687  -0.013743   0.009390
        38   0.013555  -0.064362   0.025190   0.043274   0.023281   0.025708  -0.001033   0.086971   0.021906   0.025550   0.000331   0.080170  -0.004936  -0.000643   0.012123  -0.052091
        39   0.004846  -0.030960  -0.022056   0.015149  -0.035706   0.046915   0.013381  -0.008481  -0.000464   0.100699  -0.002065   0.063355   0.049315  -0.012929  -0.004161   0.107991
        40   0.031473   0.043903  -0.006657   0.014444  -0.043943   0.080488   0.038131   0.004569   0.005672   0.034437   0.042504   0.060768  -0.072466  -0.035496   0.137618   0.038226
        41  -0.048008   0.086231  -0.052611   0.018595  -0.014353   0.023714   0.001341   0.017577   0.101087  -0.003589  -0.018453  -0.000813   0.037780  -0.016424   0.073763   0.026180
        42  -0.019510   0.082234  -0.075130   0.052262  -0.068924  -0.042167  -0.068419  -0.008213   0.000008   0.008894  -0.036933   0.002022  -0.018230  -0.046955  -0.005584  -0.030170
        43  -0.046262  -0.040327  -0.043807  -0.086145   0.042666   0.020754  -0.009969   0.020937  -0.005028  -0.026511  -0.041748  -0.037148   0.015177  -0.010355  -0.006670  -0.044651
        44   0.106054   0.072439   0.067587   0.074694   0.058560  -0.019317   0.029974   0.029641   0.082830   0.042935   0.051017   0.069589   0.072361   0.041875   0.063919   0.102123
        45   0.012065  -0.017364  -0.012495   0.000095  -0.007065  -0.021611  -0.052438  -0.011237  -0.008348  -0.006711  -0.009730   0.005800   0.001553  -0.004209   0.004650   0.003992
        46  -0.033971  -0.010166  -0.004259  -0.008549  -0.017620  -0.044576  -0.031302   0.001734  -0.016592  -0.030013   0.011256   0.051926  -0.011498  -0.057339  -0.031691  -0.008182
        47   0.030574   0.042056   0.023221   0.025353   0.036730   0.070501   0.087197   0.044499   0.009506   0.055261   0.036661   0.040081   0.035019   0.034662   0.063599  -0.000250
        48  -0.062498  -0.048415  -0.053587  -0.004500  -0.048526  -0.057643  -0.064015  -0.021068  -0.085460  -0.051131  -0.080943  -0.087787  -0.006749  -0.049360  -0.014251  -0.043423
        49   0.030780   0.042816   0.034648   0.030063   0.015083   0.028807   0.018835   0.025465  -0.003557   0.049218   0.036274   0.019333   0.049356   0.007510   0.034301   0.021120
        50  -0.009801  -0.009785   0.050825   0.038789   0.036402   0.036324   0.047379   0.028554   0.045536   0.051860   0.055990   0.034641   0.056512   0.022322   0.068849   0.030178
        51   0.019479   0.089942   0.029540   0.053598   0.044331   0.062633   0.066777   0.055022   0.014660   0.039022   0.034414   0.038435   0.017501   0.032819   0.052555   0.044734
        52  -0.014105  -0.059415  -0.023924  -0.014702  -0.025960  -0.032253  -0.021367  -0.023493  -0.023834   0.014907  -0.038053  -0.024361  -0.042169  -0.053870  -0.000714  -0.049705
        53   0.047045  -0.017214  -0.077926  -0.014906  -0.032351  -0.028244  -0.037878  -0.010457  -0.004577  -0.004148  -0.021912  -0.022188  -0.009637   0.001706  -0.036514  -0.005030
        54   0.021815   0.008909  -0.035121   0.029971   0.034721  -0.005127   0.020255   0.040218   0.017358   0.023503  -0.004746   0.062014   0.031205   0.014167   0.020466   0.032273
        55  -0.029411  -0.029736  -0.013444  -0.015105  -0.004497  -0.017897  -0.005669   0.023962  -0.007070  -0.027285   0.020033  -0.005138  -0.052029  -0.025948  -0.040136   0.031000
        56  -0.009992  -0.085777  -0.047597  -0.048805  -0.016072  -0.054718  -0.044429  -0.033242  -0.010319  -0.082738  -0.051178  -0.066255  -0.021825  -0.068608  -0.073461  -0.056007
        57  -0.064434  -0.020083   0.005904   0.025850   0.015692   0.014603   0.026460   0.070338  -0.044512   0.005083   0.012908   0.027176  -0.037627   0.009692   0.037382   0.029062
        58  -0.051838   0.001054  -0.011261   0.034436  -0.041781  -0.038834  -0.009534  -0.022222  -0.024604  -0.045744  -0.061162  -0.054719   0.013927  -0.008029   0.019108   0.019111
        59  -0.043491  -0.015821  -0.042833   0.040004  -0.046955  -0.015333  -0.006444  -0.019061  -0.011698  -0.015253   0.046887   0.042660  -0.040136  -0.012477   0.003670  -0.039601
        60   0.018480   0.034495   0.061215   0.013168  -0.017041  -0.030334   0.008398  -0.011491  -0.001036   0.018588   0.033480   0.022379   0.012255  -0.024946   0.134691  -0.016761
        61  -0.016854  -0.023933  -0.032560  -0.027306  -0.037036  -0.051081  -0.078855  -0.046275   0.025215  -0.012188  -0.063863  -0.032168  -0.004860  -0.026018  -0.012159  -0.033557
        62  -0.029558  -0.027051   0.050023  -0.045411   0.010120   0.030706   0.014879  -0.012368  -0.009750   0.033117  -0.047489   0.045303   0.151770   0.056617   0.051580  -0.000728
        63   0.019143  -0.059955  -0.001214   0.016183  -0.077765  -0.029357  -0.033273  -0.003767  -0.082850  -0.007838  -0.079149  -0.029535   0.062024  -0.073024  -0.123732  -0.073150
        64   0.083284   0.038571   0.026297   0.120365   0.056501   0.028141   0.028231  -0.035642   0.009511  -0.032748   0.016270   0.040595   0.003432   0.028143   0.039380  -0.024635
        65   0.054673   0.018154   0.035665   0.008786   0.046208  -0.021691   0.029896   0.000647   0.041941   0.021134   0.035787   0.016934   0.085272  -0.011768   0.015828  -0.000929
        66  -0.028176   0.039903  -0.003146  -0.018230   0.007493  -0.007091  -0.013530  -0.016756  -0.044505  -0.026508  -0.062632  -0.066802  -0.018112  -0.025871  -0.000863  -0.060271
        67  -0.042955   0.049780   0.032572   0.130275   0.011549   0.013323  -0.038937   0.059750   0.047332  -0.010921   0.033040   0.024519   0.040703  -0.034628  -0.045014   0.029684
        68  -0.041314  -0.019792  -0.030440   0.035853  -0.024612  -0.012178  -0.038214   0.007943   0.065944  -0.003421  -0.010093   0.076598   0.113270   0.028518   0.101050   0.071370
        69   0.031482  -0.036493   0.004483   0.030446   0.021885  -0.003018  -0.028406   0.021813  -0.000964  -0.047453  -0.017384   0.004254   0.001673  -0.009995   0.006903   0.006622