       pos      val_A      val_C      val_G      val_T
        37  -0.013100   0.002579   0.007326   0.003195
        38  -0.071620   0.047338   0.130198  -0.105916
        39  -0.057358  -0.044270  -0.048022   0.149650
        40  -0.015459  -0.047854  -0.062947   0.126261
        41  -0.222908  -0.215716   0.399173   0.039451
        42   0.144748  -0.122088   0.037219  -0.059880
        43  -0.109386   0.122627  -0.172864   0.159623
        44   0.102004  -0.068281  -0.062330   0.028607
        45   0.064607  -0.060866  -0.019250   0.015509
        46  -0.022577  -0.037830   0.067550  -0.007144
        47   0.030574  -0.050161   0.043874  -0.024287
        48  -0.011992  -0.007027  -0.008130   0.027149
        49   0.052982  -0.082115  -0.020451   0.049584
        50  -0.011544  -0.021003   0.010080   0.022466
        51   0.120451  -0.052486  -0.011704  -0.056261
        52   0.002245   0.019177  -0.000109  -0.021314
        53  -0.001451  -0.025712  -0.006176   0.033340
        54   0.020647  -0.003557  -0.023391   0.006301
        55   0.011864  -0.023118  -0.026366   0.037621
        56  -0.001622  -0.023667  -0.007006   0.032295
        57  -0.001885  -0.019121  -0.044565   0.065571
        58  -0.046735  -0.040088  -0.037219   0.124042
        59   0.097395  -0.069904   0.050443  -0.077935
        60   0.004170  -0.050325   0.079841  -0.033686
        61  -0.012809  -0.202709   0.218620  -0.003103
        62  -0.068233  -0.016933   0.033846   0.051321
        63   0.054745  -0.085681  -0.100013   0.130949
        64   0.214167  -0.100941  -0.079737  -0.033489
        65   0.054974  -0.055912  -0.081445   0.082384
        66   0.190296  -0.047562  -0.093016  -0.049719
        67   0.163596   0.048099  -0.091597  -0.120097
        68  -0.027110  -0.094864  -0.052404   0.174378
        69   0.089589  -0.094100   0.005117  -0.000606
        70   0.010733  -0.073465   0.025869   0.036863
