       pos      val_A      val_C      val_G      val_T
        37   0.014367  -0.015020   0.010008  -0.009356
        38  -0.054304   0.069887   0.085048  -0.100631
        39  -0.074432  -0.063531  -0.067642   0.205604
        40   0.003229  -0.157615   0.005672   0.148714
        41  -0.229912  -0.192118   0.339746   0.082283
        42   0.145436  -0.111237  -0.004132  -0.030067
        43  -0.091911   0.162086  -0.157424   0.087248
        44   0.093213  -0.056279  -0.057281   0.020347
        45   0.032286  -0.057569  -0.038618   0.063900
        46  -0.013431  -0.035888   0.049798  -0.000478
        47  -0.002255  -0.009027   0.033957  -0.022674
        48  -0.036086  -0.001652   0.000774   0.036964
        49   0.044942  -0.069799  -0.001311   0.026169
        50  -0.010345  -0.026977   0.009880   0.027442
        51   0.076468  -0.014285  -0.018341  -0.043843
        52   0.000357   0.000321   0.012385  -0.013064
        53  -0.029918   0.000384   0.000263   0.029272
        54   0.007562  -0.008225  -0.004751   0.005414
        55   0.018892  -0.023735  -0.028468   0.033311
        56  -0.019537  -0.026840  -0.002467   0.048844
        57   0.001205  -0.029906  -0.037162   0.065862
        58  -0.054308  -0.036169  -0.033108   0.123584
        59   0.107390  -0.065352   0.037572  -0.079610
        60  -0.000464  -0.030350   0.073870  -0.043056
        61  -0.011478  -0.180778   0.169904   0.022351
        62  -0.045868  -0.047737   0.035578   0.058027
        63   0.021274  -0.080789  -0.125939   0.185454
        64   0.272835  -0.107544  -0.101374  -0.063918
        65   0.027700  -0.061261  -0.052451   0.086012
        66   0.183151  -0.045111  -0.086187  -0.051853
        67   0.159503   0.048167  -0.091334  -0.116336
        68  -0.001795  -0.119619  -0.097819   0.219233
        69   0.086180  -0.081304  -0.006368   0.001492
        70   0.045598  -0.098689   0.018140   0.034951