       pos      val_A      val_C      val_G      val_T
        37   0.015529  -0.018794   0.003934  -0.000669
        38  -0.046198   0.061653   0.106487  -0.121942
        39  -0.086406  -0.080069  -0.085834   0.252310
        40   0.001277  -0.187489   0.009093   0.177120
        41  -0.225105  -0.148493   0.281339   0.092258
        42   0.139272  -0.078145  -0.006275  -0.054852
        43  -0.068483   0.175206  -0.170742   0.064019
        44   0.082735  -0.053695  -0.075415   0.046375
        45   0.018350  -0.046691  -0.023426   0.051768
        46   0.006251  -0.024724   0.019074  -0.000601
        47   0.025298  -0.027105   0.001541   0.000266
        48   0.002350  -0.023074   0.002924   0.017800
        49   0.007350  -0.037987  -0.005139   0.035776
        50  -0.017467  -0.001514   0.014793   0.004188
        51   0.045152  -0.014003  -0.007830  -0.023318
        52  -0.006360  -0.003668   0.010653  -0.000625
        53  -0.008796   0.011768  -0.014198   0.011227
        54  -0.002663  -0.002746  -0.008764   0.014172
        55  -0.001643  -0.013189  -0.026695   0.041528
        56  -0.013917  -0.009239   0.003875   0.019281
        57  -0.004646  -0.033671  -0.027817   0.066135
        58  -0.016629  -0.033936  -0.027216   0.077780
        59   0.093780  -0.050941   0.041974  -0.084813
        60  -0.014775  -0.022856   0.051136  -0.013505
        61   0.001361  -0.145327   0.123920   0.020046
        62  -0.056584  -0.052232   0.024401   0.084415
        63   0.082765  -0.092590  -0.183889   0.193714
        64   0.337014  -0.139729  -0.139064  -0.058220
        65   0.044177  -0.059698  -0.056440   0.071961
        66   0.168732  -0.045094  -0.082733  -0.040905
        67   0.111882   0.022307  -0.081500  -0.052688
        68   0.009832  -0.147506  -0.106104   0.243777
        69   0.079020  -0.061726  -0.002690  -0.014603
        70   0.043413  -0.088247   0.002868   0.041966