       pos     val_AA     val_AC     val_AG     val_AT     val_CA     val_CC     val_CG     val_CT     val_GA     val_GC     val_GG     val_GT     val_TA     val_TC     val_TG     val_TT
        37  -0.057687   0.010769   0.025379  -0.016653  -0.027419  -0.013649   0.007682  -0.034767  -0.018710   0.000372   0.040895   0.012329   0.020516  -0.016245   0.027817  -0.052409
        38  -0.026599  -0.025299  -0.035301   0.027711  -0.035810  -0.028709  -0.084495   0.084035  -0.013868   0.001935  -0.024503   0.051013   0.006195   0.020445  -0.055032  -0.081667
        39  -0.025565   0.031845  -0.009543   0.013302   0.013321  -0.009108  -0.017609   0.006389   0.057882   0.038663   0.032634   0.074425   0.075864   0.001409   0.073554   0.173027
        40  -0.041314  -0.057142  -0.049337  -0.037659  -0.077496  -0.023929  -0.076312  -0.111794  -0.062902  -0.066897  -0.067933  -0.011723  -0.112062  -0.056070   0.034255  -0.009601
        41  -0.085156  -0.013442  -0.037524  -0.022363  -0.085684   0.009764  -0.029609  -0.012648   0.126526   0.049878   0.005739   0.033219   0.017191  -0.031642   0.027307  -0.020151
        42  -0.014710   0.120589  -0.036923   0.033717   0.017918   0.007746   0.016626   0.019802   0.009854  -0.010507   0.005460   0.037967   0.043527   0.000837   0.017005   0.031009
        43   0.040212   0.000441  -0.027942   0.024384   0.104889  -0.020108   0.006879   0.067921  -0.002635  -0.046278  -0.019892  -0.001253   0.016853  -0.013434  -0.049870   0.008110
        44   0.053130   0.010698   0.017411   0.034538   0.073466   0.030062   0.028023   0.080508   0.061457   0.032424   0.024563   0.039343   0.024988   0.014146   0.013901   0.046519
        45  -0.077960   0.003803  -0.060801  -0.043200  -0.049197  -0.053960  -0.046207  -0.040232  -0.030876  -0.067059  -0.027693  -0.040680  -0.050624  -0.028727   0.004074  -0.028990
        46  -0.045181  -0.037332  -0.051143  -0.061849  -0.043752  -0.075602  -0.070611  -0.071931  -0.073399  -0.066473  -0.053661  -0.073611  -0.066606  -0.075545  -0.077768  -0.081070
        47  -0.004162   0.046371   0.017503  -0.005576  -0.002738   0.018946   0.022328  -0.006119   0.031584   0.009250   0.042777   0.008414   0.025420   0.049803   0.046617   0.008811
        48  -0.026646  -0.023770  -0.004945  -0.021391  -0.046452  -0.056518  -0.059050  -0.044182  -0.042365  -0.044552  -0.031586   0.011747   0.000604  -0.029498  -0.002297  -0.032333
        49   0.043334   0.054982   0.075619   0.054170   0.063403   0.058195   0.101801   0.055819   0.049510   0.044393   0.089575   0.057477   0.077664   0.051945   0.082995   0.046769
        50  -0.004409   0.009772   0.036886   0.017833   0.020141   0.008983   0.039311   0.028762  -0.014214   0.022676   0.022349   0.002884   0.035206   0.018262   0.045945   0.007111
        51   0.003907   0.046812   0.065977   0.060802   0.018242   0.041527   0.070931   0.051858   0.017936   0.024388   0.045643   0.048545   0.051768   0.018830   0.050655   0.009850
        52   0.006692   0.021401   0.009403   0.046635   0.037143   0.055960   0.039625   0.056004  -0.000565   0.038643   0.030059   0.036593   0.013838   0.022171   0.047719   0.011532
        53  -0.010382   0.002225   0.001418   0.024679  -0.015491  -0.031864  -0.030858   0.016572  -0.022059   0.002203   0.006145   0.021976  -0.017083  -0.018494  -0.020937   0.012099
        54   0.000777  -0.019182   0.021861  -0.020842   0.029430  -0.014544   0.006340   0.001134  -0.033035  -0.018406   0.006349  -0.000729  -0.015060  -0.035316  -0.003286  -0.023508
        55   0.018188   0.005843  -0.003892  -0.015060   0.033332   0.025146   0.004926   0.030118  -0.009442  -0.012876  -0.000089  -0.010173   0.003646   0.018701   0.010987   0.040237
        56   0.029297   0.027591   0.023459   0.018706   0.039004   0.042977   0.033633   0.022155   0.044485   0.064870   0.052922   0.060212   0.052514   0.054645   0.038233   0.036875
        57  -0.008542  -0.009531  -0.003582   0.008915  -0.013013  -0.025586  -0.023812  -0.022179  -0.019935  -0.014417  -0.017683   0.005866   0.032318   0.016973   0.022939   0.033862
        58  -0.058448  -0.031762  -0.022439  -0.053247  -0.009741  -0.037914   0.022616  -0.038910  -0.013604  -0.030126  -0.031554  -0.061622   0.008781   0.000417   0.028024  -0.035039
        59  -0.012612  -0.015020   0.014544   0.046181  -0.008576  -0.024780   0.020737  -0.015982  -0.016178   0.017480   0.045616   0.030218  -0.008365  -0.011438   0.036713  -0.023398
        60   0.016559  -0.002581   0.010525   0.039132   0.027476  -0.005501   0.025560   0.036113   0.027884   0.003748  -0.007481   0.069862   0.048627  -0.017971   0.115287   0.031416
        61   0.017488   0.003767   0.021457   0.058037   0.028530   0.000293   0.008874   0.025693   0.042353   0.043992   0.042482   0.084065   0.054956   0.004264   0.037699  -0.012720
        62   0.029824  -0.004411   0.003298   0.006144   0.052453  -0.001145   0.025139   0.030686   0.086451   0.029237  -0.046145   0.067836   0.021280  -0.032062   0.007796   0.036791
        63  -0.023525   0.018203   0.023792  -0.000604  -0.009691  -0.059747  -0.057788  -0.015161  -0.045509   0.042511  -0.043619   0.015882   0.134958  -0.116041  -0.098424  -0.118429
        64   0.036031   0.029068   0.006283   0.088322   0.013658   0.020076   0.010805  -0.025625  -0.048653  -0.042705   0.023863  -0.064625  -0.030588  -0.000441  -0.004148   0.011477
        65   0.031932  -0.028653   0.021984   0.017606   0.041505   0.000171  -0.029470   0.001349   0.018652  -0.040062  -0.003030   0.015390   0.080803  -0.014373   0.001119  -0.001617
        66   0.043213   0.042110   0.053408   0.070130   0.040853   0.020497   0.034633   0.061847   0.019060   0.011057   0.011939   0.021966   0.042318   0.002331   0.042838   0.011651
        67  -0.021466  -0.056521  -0.071549   0.110410  -0.047573  -0.062035  -0.020538   0.068619  -0.069475  -0.034836  -0.033493   0.001959  -0.025522  -0.120280  -0.075059  -0.014599
        68  -0.086794  -0.054746  -0.033358  -0.021084  -0.042569  -0.035098  -0.076913  -0.005780  -0.058668  -0.079734  -0.078806  -0.053352   0.083684   0.033433   0.095288   0.044621
        69   0.002189  -0.024692  -0.043528   0.016255  -0.002304  -0.051311  -0.039810  -0.014736  -0.041959  -0.093828  -0.047203  -0.032514   0.004321  -0.048732  -0.031952  -0.020491