       pos     val_AA     val_AC     val_AG     val_AT     val_CA     val_CC     val_CG     val_CT     val_GA     val_GC     val_GG     val_GT     val_TA     val_TC     val_TG     val_TT
        37  -0.023410   0.013899   0.038927  -0.022971  -0.024790  -0.016586  -0.009890  -0.017740  -0.001086   0.003167   0.040843   0.014253   0.036563  -0.012749  -0.013129  -0.005301
        38  -0.084771  -0.004509  -0.031618   0.088356  -0.049896  -0.082685  -0.074957   0.175451  -0.075597  -0.032579  -0.010116   0.155224   0.009398   0.001587   0.026969  -0.010256
        39   0.013228   0.012167  -0.041231   0.014451   0.024418   0.039471  -0.017845   0.035252  -0.020503   0.109403  -0.008496   0.029354  -0.040069  -0.153247  -0.035969   0.039615
        40   0.007345  -0.012496   0.010904  -0.023863   0.017966   0.065725  -0.023206  -0.047875  -0.055619  -0.079871   0.034663   0.002101  -0.068814  -0.013628   0.145847   0.040819
        41  -0.078813  -0.013655  -0.044510  -0.007964  -0.085708  -0.001025  -0.034601   0.035244   0.094617   0.016640  -0.049802   0.060933   0.046125  -0.027388   0.060543   0.029364
        42  -0.048700   0.115555  -0.054444   0.012410   0.049954   0.002660  -0.016014  -0.013428   0.024098  -0.013997  -0.019287  -0.010585   0.015780  -0.048271  -0.037245   0.041514
        43  -0.000017   0.085488  -0.063621   0.033205   0.062545  -0.026112  -0.002459   0.035896  -0.030642  -0.021111  -0.018053  -0.043262   0.013448  -0.035268  -0.035030   0.044994
        44   0.045113   0.016529   0.025360  -0.018538   0.067890  -0.022552  -0.002132  -0.017081  -0.024337  -0.014782   0.014657  -0.071570  -0.016117   0.000675  -0.033890   0.050777
        45   0.009000  -0.004344   0.002964  -0.031865  -0.015590  -0.029255  -0.024762  -0.047316  -0.026707  -0.032734   0.013027  -0.046384   0.060653   0.056867   0.089867   0.026578
        46  -0.016643  -0.000863  -0.005217  -0.011615   0.017635  -0.035442  -0.035231  -0.018121   0.017736   0.018139  -0.007084  -0.009388   0.023576   0.018611   0.032751   0.011155
        47  -0.020488   0.025036  -0.007336  -0.000036  -0.016912  -0.010904  -0.001185  -0.015681   0.023776  -0.030202  -0.044444  -0.009039   0.035887   0.027638   0.044020  -0.000127
        48  -0.029739   0.003262   0.002210   0.024255  -0.021470  -0.005921  -0.029067   0.045750  -0.026834  -0.016723  -0.011633   0.023969   0.024544   0.005489   0.017605  -0.005696
        49  -0.024998   0.002186  -0.008795  -0.000494   0.004808   0.003532   0.009870  -0.010706  -0.018996  -0.017026   0.036892  -0.000359   0.015997   0.008208   0.000232  -0.000347
        50  -0.030006  -0.016979   0.006100   0.007400  -0.023350  -0.001800  -0.005636   0.017391  -0.006975   0.020005   0.007903   0.006971   0.030334  -0.012421   0.003982  -0.002920
        51  -0.038801   0.020350   0.018150  -0.003438   0.016523   0.020446  -0.015355  -0.006550  -0.005561   0.013256   0.017185   0.013727  -0.026948  -0.025496  -0.001129   0.003644
        52  -0.053372  -0.014574  -0.019389   0.039377   0.012811   0.000864  -0.002165   0.023873   0.027429  -0.036189   0.005393   0.029046  -0.005404   0.007734  -0.020785   0.005351
        53  -0.006003  -0.000026   0.012202   0.016477   0.000548  -0.017806  -0.022243   0.038522  -0.000711  -0.032779   0.006631   0.031099  -0.019267  -0.009101  -0.013188   0.015647
        54   0.018819  -0.003689   0.004203   0.007229  -0.026349  -0.022933   0.001569   0.039998   0.053545  -0.019769  -0.042930   0.044551  -0.031907  -0.030777  -0.020206   0.028646
        55   0.042145   0.005873   0.022823   0.029376  -0.011983   0.000196  -0.000544   0.021271   0.051000  -0.016898  -0.027745   0.022388  -0.070685  -0.045556  -0.071833   0.050174
        56  -0.000514   0.031213   0.002668   0.014864  -0.004494  -0.014652  -0.006599   0.007115  -0.014345  -0.000442  -0.002102  -0.022655   0.013236  -0.037072  -0.025832   0.059612
        57   0.000090  -0.013572   0.009514  -0.010343   0.008219   0.019137  -0.004549  -0.051955  -0.012265   0.001073  -0.008040  -0.020828   0.020960  -0.007972   0.012966   0.057564
        58  -0.001008  -0.011249   0.009955  -0.080840   0.000404  -0.024963   0.018791  -0.095713   0.019810  -0.013618  -0.010967  -0.085479   0.058978   0.053021   0.130351   0.032527
        59  -0.040500  -0.016921  -0.011523   0.034061  -0.020511  -0.051477  -0.012316  -0.025572  -0.001222  -0.016525   0.030861   0.021949   0.012139   0.033051   0.060246   0.004260
        60  -0.025112  -0.038458  -0.009810   0.014882  -0.036432  -0.030463  -0.021605   0.028223   0.009149  -0.009559  -0.008123   0.067395   0.017228  -0.055779   0.096305   0.002159
        61  -0.043543   0.022536   0.001715   0.019206  -0.042163  -0.010941  -0.022041  -0.024033   0.017813   0.023169   0.010886   0.039980   0.009975  -0.026910   0.013425   0.010929
        62  -0.059337  -0.033826  -0.006862  -0.038579   0.132099  -0.088353  -0.037645  -0.078933  -0.015239  -0.004696  -0.049726  -0.007040   0.312891  -0.004035  -0.011477  -0.009242
        63   0.031545   0.069065   0.074139   0.138565  -0.046008  -0.084183  -0.040446  -0.017374  -0.077445  -0.042304  -0.075265   0.032205   0.184109  -0.048844  -0.074243  -0.023517
        64   0.037762   0.016300  -0.004781   0.096940  -0.004342  -0.012813  -0.022597  -0.012495  -0.061738  -0.012984  -0.004339   0.017266   0.039160  -0.038277  -0.023048  -0.010012
        65   0.012131  -0.003980   0.009928   0.012848   0.008275  -0.028501  -0.043153   0.035690   0.007053  -0.046038  -0.026223   0.030527   0.067126  -0.010888  -0.019803  -0.004991
        66   0.042755   0.049656  -0.060763   0.106202  -0.007626  -0.042941  -0.044663   0.049090   0.000295  -0.025109  -0.034289   0.023119   0.004651  -0.052908  -0.013293   0.005825
        67  -0.036175  -0.004304  -0.017966   0.193271  -0.028691  -0.070389  -0.044782   0.167311  -0.019616  -0.069587  -0.059998   0.090944  -0.007778  -0.070622  -0.051131   0.029513
        68  -0.002467  -0.014069  -0.002562  -0.025143  -0.044899  -0.051016  -0.050331  -0.020635  -0.020026  -0.034039  -0.038385  -0.033406   0.128828   0.067670   0.098961   0.041518
        69   0.008720  -0.048655   0.010617   0.038646  -0.005340  -0.059894  -0.018127  -0.000200   0.002113  -0.054694  -0.009000   0.017157   0.057145  -0.009198   0.042218   0.028491
