       pos      val_A      val_C      val_G      val_T
        37   0.022122  -0.015472   0.009301  -0.015952
        38  -0.028116   0.080394   0.093600  -0.145878
        39  -0.106204  -0.099661  -0.079388   0.285252
        40   0.000543  -0.214431   0.031555   0.182333
        41  -0.211388  -0.134730   0.271164   0.074955
        42   0.155411  -0.071577  -0.016195  -0.067639
        43  -0.053094   0.222401  -0.157605  -0.011703
        44   0.076128  -0.070380  -0.035365   0.029617
        45   0.021758  -0.030225  -0.017278   0.025744
        46   0.011043  -0.007430   0.001073  -0.004685
        47   0.003745  -0.009953   0.003928   0.002281
        48  -0.004877  -0.001762   0.003080   0.003558
        49   0.019058  -0.010939   0.020143  -0.028262
        50  -0.018481  -0.000151   0.010993   0.007638
        51   0.026456  -0.000724   0.015297  -0.041028
        52  -0.012711   0.013032   0.017787  -0.018108
        53  -0.005180   0.008675  -0.006083   0.002588
        54  -0.004390  -0.000710  -0.009354   0.014454
        55   0.001267  -0.000112  -0.008622   0.007466
        56  -0.008649  -0.003179  -0.002375   0.014203
        57   0.008461  -0.015671  -0.018121   0.025331
        58  -0.027147  -0.017107  -0.018347   0.062600
        59   0.076754  -0.032175   0.039145  -0.083723
        60  -0.003351  -0.025751   0.051629  -0.022527
        61  -0.004392  -0.109232   0.119787  -0.006163
        62  -0.026560  -0.026615   0.037185   0.015990
        63   0.013740  -0.047884  -0.179857   0.214002
        64   0.387137  -0.137054  -0.167143  -0.082941
        65   0.023600  -0.046869  -0.052285   0.075554
        66   0.130347  -0.019332  -0.048936  -0.062079
        67   0.104621   0.024514  -0.061068  -0.068067
        68   0.020713  -0.153470  -0.103613   0.236370
        69   0.066231  -0.043323   0.011955  -0.034863
        70   0.019668  -0.053099   0.004176   0.029255