       pos      val_A      val_C      val_G      val_T
         0   0.653842  -0.029913  -0.135373  -0.488556
         1   0.908710   0.618249  -1.256485  -0.270474
         2  -0.992728   0.551264   0.624807  -0.183343
         3  -0.829571   0.478521  -0.737234   1.088285
         4  -0.179182   0.089534   0.622257  -0.532609
         5  -0.383545  -0.352167   0.495698   0.240014
         6   0.574990  -0.256476  -0.220966  -0.097548
         7   0.554249  -1.475618   1.466748  -0.545379
         8  -2.061252  -0.666692   1.710712   1.017232
         9  -0.494045   0.298014  -0.056289   0.252319
        10  -0.077153  -0.515365  -0.382085   0.974603
        11   0.320631  -0.611593   0.129430   0.161532
        12  -0.487056  -0.773021   1.073649   0.186428
        13   0.536953  -0.299540   0.437600  -0.675013
        14  -0.568518  -1.667745   0.253095   1.983168
        15   1.743814  -0.712320  -0.366250  -0.665244
        16   0.550872  -1.348274  -0.023671   0.821074
        17  -1.300573   1.958125  -0.500583  -0.156969
        18   1.236823  -0.253642  -0.254263  -0.728918
        19   1.134055  -0.581532  -0.121812  -0.430712
        20   0.042255  -0.581007  -1.419530   1.958282
        21  -0.305186  -0.557158   0.700581   0.161763
