       pos      val_A      val_C      val_G      val_T
         0  -0.542396   0.001261   0.114184   0.426951
         1  -0.692722  -0.540375   1.056520   0.176578
         2   0.578969  -0.160990  -0.487099   0.069120
         3   0.566085  -0.022239   0.559551  -1.103397
         4   0.161550  -0.016469  -0.475640   0.330559
         5   0.358370   0.249218  -0.472266  -0.135323
         6  -0.266631   0.341018  -0.225075   0.150688
         7  -0.300412   0.911274  -0.723447   0.112585
         8   1.144701   0.241405  -0.828882  -0.557225
         9   0.174925  -0.177427   0.112418  -0.109917
        10   0.044791   0.305352   0.224890  -0.575032
        11  -0.208265   0.363792  -0.067729  -0.087799
        12   0.309799   0.540760  -0.698685  -0.151874
        13  -0.583965   0.372918  -0.288955   0.500001
        14   0.418259   1.166169  -0.540941  -1.043487
        15  -0.817053   0.076248   0.273754   0.467051
        16  -0.401574   0.832686   0.062540  -0.493651
        17   1.118027  -1.780784   0.526553   0.136205
        18  -1.069631   0.258632   0.101808   0.709191
        19  -0.565284   0.175924   0.161410   0.227949
        20  -0.141961   0.289919   0.908935  -1.056893
        21   0.149474   0.409975  -0.402231  -0.157217
