       pos      val_A      val_C      val_G      val_T
         0   0.293349  -0.059959  -0.080988  -0.152402
         1   0.409622   0.187063  -0.366801  -0.229884
         2  -0.703523   0.265336   0.614209  -0.176022
         3  -0.645713   0.131685  -0.596889   1.110916
         4  -0.096345  -0.024912   0.281782  -0.160526
         5  -0.254855  -0.222977   0.413081   0.064750
         6   0.244979  -0.110610  -0.057786  -0.076583
         7   0.253581  -0.752794   0.881242  -0.382029
         8  -1.439255  -0.535891   1.227464   0.747682
         9  -0.188247   0.162860  -0.059235   0.084623
        10  -0.046604  -0.294729  -0.265023   0.606356
        11   0.203659  -0.305935   0.021921   0.080354
        12  -0.274923  -0.372639   0.621562   0.026001
        13   0.265885  -0.162527   0.096457  -0.199815
        14  -0.500517  -1.277072   0.307939   1.469650
        15   1.078704  -0.360269  -0.244872  -0.473563
        16   0.158284  -0.363539  -0.131691   0.336946
        17  -0.768733   1.747498  -0.642839  -0.335926
        18   0.401570  -0.107959  -0.102938  -0.190674
        19   0.739405  -0.281473  -0.145622  -0.312309
        20  -0.025364  -0.460520  -0.798813   1.284697
        21  -0.196462  -0.293001   0.423719   0.065744