       pos      val_A      val_C      val_G      val_T
         0  -0.455995   0.065497   0.116017   0.274482
         1  -0.571647  -0.407060   0.763374   0.215333
         2   0.375714  -0.141655  -0.225353  -0.008706
         3   0.313297  -0.184462   0.257811  -0.386646
         4   0.127931   0.013895  -0.425393   0.283568
         5   0.279639   0.258943  -0.400162  -0.138420
         6  -0.344881   0.188736   0.062614   0.093531
         7  -0.325549   0.757213  -0.488648   0.056985
         8   0.491523  -0.028668  -0.244106  -0.218748
         9   0.310111  -0.225941   0.066212  -0.150382
        10  -0.047887   0.297008   0.207789  -0.456911
        11  -0.230474   0.404176  -0.060115  -0.113587
        12   0.263158   0.437574  -0.532510  -0.168223
        13  -0.391949   0.242241  -0.244203   0.393911
        14  -0.008010   0.471600  -0.192369  -0.271220
        15  -0.447792   0.140534   0.040509   0.266748
        16  -0.320887   0.752256   0.039136  -0.470505
        17   0.677515  -0.779874   0.246362  -0.144003
        18  -0.761643   0.172753   0.102048   0.486842
        19  -0.368586   0.146536   0.031510   0.190540
        20  -0.205125   0.095944   0.651805  -0.542624
        21   0.232865   0.320319  -0.395416  -0.157768