       pos      val_A      val_C      val_G      val_T
         0  -0.455812   0.065537   0.115977   0.274298
         1  -0.571743  -0.407117   0.763474   0.215386
         2   0.375567  -0.141617  -0.225227  -0.008723
         3   0.313538  -0.184886   0.257956  -0.386608
         4   0.128119   0.014078  -0.425312   0.283115
         5   0.279315   0.258788  -0.399836  -0.138267
         6  -0.344805   0.188548   0.062707   0.093550
         7  -0.325414   0.757255  -0.488746   0.056905
         8   0.491521  -0.028736  -0.244029  -0.218756
         9   0.309820  -0.226081   0.066217  -0.149955
        10  -0.047980   0.297193   0.207533  -0.456746
        11  -0.230370   0.404262  -0.060164  -0.113729
        12   0.262860   0.437650  -0.532308  -0.168202
        13  -0.391924   0.242178  -0.243985   0.393732
        14  -0.008385   0.471635  -0.191842  -0.271408
        15  -0.447725   0.140624   0.040463   0.266638
        16  -0.320911   0.752533   0.039199  -0.470821
        17   0.677557  -0.779939   0.246388  -0.144006
        18  -0.761673   0.172280   0.102614   0.486779
        19  -0.368471   0.146576   0.031736   0.190159
        20  -0.205330   0.096183   0.651577  -0.542430
        21   0.232391   0.320546  -0.395267  -0.157669
