       pos      val_A      val_C      val_G      val_T
         0  -0.542150   0.001265   0.114489   0.426397
         1  -0.692270  -0.540365   1.056580   0.176054
         2   0.579265  -0.160837  -0.486869   0.068441
         3   0.565971  -0.022763   0.559657  -1.102865
         4   0.161706  -0.016567  -0.475897   0.330759
         5   0.358121   0.249379  -0.472407  -0.135092
         6  -0.267051   0.341126  -0.223978   0.149903
         7  -0.300315   0.910941  -0.723223   0.112596
         8   1.144950   0.241104  -0.829137  -0.556917
         9   0.174538  -0.177738   0.113559  -0.110359
        10   0.044586   0.304987   0.224411  -0.573985
        11  -0.208467   0.363384  -0.067699  -0.087218
        12   0.309404   0.540746  -0.698231  -0.151919
        13  -0.584127   0.372198  -0.287872   0.499801
        14   0.418369   1.166586  -0.541432  -1.043523
        15  -0.816374   0.076414   0.272813   0.467146
        16  -0.401866   0.832593   0.062482  -0.493209
        17   1.117854  -1.780625   0.526794   0.135977
        18  -1.069835   0.258880   0.102562   0.708394
        19  -0.565599   0.176171   0.161588   0.227840
        20  -0.141862   0.290091   0.908952  -1.057180
        21   0.149535   0.409602  -0.402037  -0.157100