# POSITION WT * A C D E F G H I K L M N P Q R S T V W Y
  0  A     5.000000 10368158.000000   522.000000   54527.000000      399.000000      667.000000    74192.000000     1084.000000      924.000000        0.000000      766.000000        2.000000      679.000000  84748.000000       15.000000     2112.000000    82399.000000   121179.000000 91925.000000        4.000000      437.000000
  1  G    31.000000     8934.000000 18026.000000   12379.000000       76.000000      242.000000 10815323.000000      112.000000       35.000000        1.000000       56.000000        0.000000      240.000000     33.000000        1.000000    13432.000000    13660.000000       24.000000  1913.000000      100.000000      126.000000
  2  W 15285.000000       34.000000 12182.000000       0.000000       54.000000      335.000000     7763.000000        1.000000        3.000000       51.000000     9530.000000       31.000000        1.000000     34.000000       50.000000    19500.000000     5255.000000       16.000000    59.000000 10813969.000000      591.000000
  3  E  4741.000000   124418.000000     2.000000  212822.000000 10086246.000000        0.000000   374575.000000      171.000000       53.000000    19423.000000      106.000000        1.000000      535.000000     56.000000    48387.000000      592.000000     1045.000000     1147.000000 10252.000000        0.000000      172.000000
  4  M    55.000000      275.000000     5.000000       7.000000      872.000000      122.000000      217.000000        1.000000    92249.000000    49065.000000    82771.000000 10536659.000000      173.000000    212.000000      988.000000    38176.000000     1196.000000    30793.000000 50693.000000      215.000000        0.000000
  5  A     8.000000 10737864.000000    46.000000   15444.000000      108.000000       97.000000    29167.000000       38.000000       62.000000        8.000000      108.000000        0.000000      219.000000   6614.000000        2.000000     2600.000000    54330.000000    26211.000000 11767.000000        0.000000       51.000000
  6  K  6367.000000      254.000000     4.000000    1061.000000    49815.000000        5.000000      121.000000      948.000000    21321.000000 10621985.000000      630.000000      204.000000    59655.000000    124.000000    44582.000000    44813.000000      868.000000    31451.000000    11.000000        2.000000      523.000000
  7  T     6.000000    23818.000000    71.000000      63.000000        1.000000       55.000000       60.000000       71.000000    21318.000000       74.000000      161.000000      109.000000    14961.000000   9698.000000        2.000000      135.000000    47042.000000 10766723.000000   102.000000       10.000000      264.000000
  8  S   136.000000      391.000000 11723.000000     211.000000        3.000000      418.000000    77425.000000      681.000000    91530.000000     2471.000000      526.000000      341.000000    99911.000000    521.000000       16.000000   559309.000000  9979266.000000    58203.000000   461.000000      644.000000      557.000000
  9  S   156.000000    45861.000000 10756.000000      89.000000        2.000000   108450.000000      413.000000      260.000000      242.000000        3.000000      879.000000        3.000000      263.000000  10602.000000        1.000000      437.000000 10506182.000000    44068.000000   181.000000      534.000000   155362.000000
 10  G   150.000000     7092.000000 11928.000000   16965.000000      106.000000      101.000000 10808385.000000      100.000000       49.000000        1.000000       64.000000        0.000000      318.000000     49.000000        2.000000    14654.000000    17469.000000       71.000000  7031.000000      123.000000       86.000000
 11  Q  8253.000000     1157.000000    10.000000     265.000000    26493.000000        7.000000      251.000000   125043.000000        2.000000     6028.000000    26081.000000      174.000000      193.000000   9907.000000 10485911.000000   186770.000000     1086.000000      190.000000   690.000000     1451.000000     4782.000000
 12  R    35.000000      446.000000 20305.000000     255.000000        0.000000      711.000000    16070.000000    81267.000000      932.000000        6.000000    64911.000000        1.000000     1155.000000 105067.000000      737.000000 10540455.000000    49618.000000      714.000000  1316.000000      175.000000      568.000000
 13  Y 12694.000000       80.000000  6751.000000    4294.000000       62.000000    13506.000000       88.000000     8866.000000       85.000000       77.000000      236.000000        0.000000     5407.000000     40.000000       77.000000       22.000000    10500.000000      212.000000    59.000000       58.000000 10821630.000000
 14  F    93.000000       31.000000  3524.000000      19.000000        0.000000 10793947.000000       27.000000       59.000000     5422.000000        1.000000    25383.000000       22.000000       48.000000    123.000000        1.000000       43.000000    12918.000000       47.000000  4196.000000       49.000000    38791.000000
 15  L   196.000000       52.000000     6.000000       9.000000       53.000000      238.000000       66.000000       79.000000     2544.000000     1984.000000 10745247.000000    42399.000000        3.000000  12762.000000    10050.000000    27425.000000      140.000000       64.000000 41319.000000      101.000000        7.000000
 16  N    97.000000       59.000000    47.000000   23138.000000      152.000000       90.000000       68.000000     8725.000000     4287.000000    17881.000000       28.000000       33.000000 10782137.000000    262.000000      134.000000      242.000000    24344.000000    14018.000000    29.000000        1.000000     8972.000000
 17  H    89.000000       41.000000    50.000000    5038.000000       77.000000       46.000000       53.000000 10817730.000000       63.000000      257.000000     8362.000000        1.000000     7831.000000  14470.000000    12649.000000     9709.000000      107.000000      558.000000    27.000000        3.000000     7583.000000
 18  I     4.000000      184.000000    94.000000     124.000000        1.000000    50299.000000      172.000000      433.000000 10312133.000000     1128.000000    63073.000000   244028.000000    87839.000000    371.000000        4.000000     1402.000000    29492.000000    48798.000000 44922.000000        2.000000      241.000000
 19  D   144.000000   260107.000000  1760.000000 9614136.000000   212373.000000      411.000000    83879.000000   133082.000000      791.000000    12868.000000      740.000000        6.000000   411827.000000    626.000000     2365.000000     8358.000000     3311.000000     3323.000000 65931.000000       17.000000    68689.000000
 20  Q  5231.000000       99.000000     8.000000      57.000000     9321.000000        6.000000      124.000000   105861.000000        3.000000   447806.000000    10712.000000      312.000000      345.000000   9757.000000  9786193.000000   507373.000000       99.000000      966.000000    30.000000      212.000000      229.000000
 21  T     2.000000    24633.000000   310.000000     100.000000        1.000000      612.000000       95.000000      338.000000    39611.000000      602.000000      304.000000      647.000000    30111.000000  17200.000000       13.000000     3918.000000   141728.000000 10623642.000000   259.000000        0.000000      618.000000
 22  T     2.000000     6871.000000    28.000000      20.000000        0.000000       24.000000       47.000000      548.000000     5657.000000      150.000000       45.000000       63.000000     7344.000000  15116.000000       23.000000      221.000000    51246.000000 10797306.000000     5.000000        0.000000       28.000000
 23  T    36.000000    14336.000000     5.000000       1.000000       47.000000        2.000000       98.000000       55.000000      229.000000     8979.000000      128.000000    12023.000000      256.000000  11824.000000     1047.000000    22870.000000    35475.000000 10777134.000000    78.000000      119.000000        2.000000
 24  W 23491.000000       63.000000 12766.000000       8.000000       70.000000      145.000000     7778.000000        2.000000        1.000000       47.000000     5970.000000       56.000000        1.000000     38.000000       96.000000    17770.000000     4466.000000       15.000000   136.000000 10811679.000000      146.000000
