# POSITION WT * A C D E F G H I K L M N P Q R S T V W Y
  0  A    12.000000 10639800.000000   934.000000    86106.000000      637.000000     1041.000000   124499.000000     1224.000000     1155.000000        2.000000     1182.000000        1.000000     1012.000000 98078.000000       32.000000     1906.000000   103410.000000   137714.000000 105049.000000        4.000000      771.000000
  1  G    67.000000    18999.000000 32215.000000    26373.000000      133.000000      515.000000 11167431.000000      238.000000      114.000000        0.000000      164.000000        0.000000      423.000000    95.000000        0.000000    25049.000000    28665.000000       80.000000   3441.000000      279.000000      288.000000
  2  W 35770.000000       67.000000 29386.000000        4.000000      142.000000      482.000000    19842.000000        1.000000        2.000000      123.000000    22120.000000       63.000000        3.000000    71.000000      129.000000    35876.000000    13815.000000       28.000000    124.000000 11145567.000000      954.000000
  3  E 14268.000000   102996.000000     4.000000   188256.000000 10648374.000000        1.000000   227002.000000      320.000000      145.000000    39890.000000      267.000000        5.000000      831.000000   101.000000    54898.000000      504.000000      986.000000     1230.000000  24080.000000        2.000000      409.000000
  4  M   113.000000      317.000000     1.000000       25.000000      722.000000      290.000000      404.000000        1.000000   133690.000000    52921.000000   108925.000000 10854413.000000      382.000000   370.000000      545.000000    47899.000000     1120.000000    40513.000000  61441.000000      475.000000        2.000000
  5  A    40.000000 11064689.000000   135.000000    30937.000000      301.000000      249.000000    47501.000000       96.000000      162.000000       26.000000      250.000000        0.000000      471.000000 14967.000000        1.000000     1544.000000    70156.000000    44214.000000  28702.000000        0.000000      128.000000
  6  K 19586.000000      315.000000     4.000000      754.000000    50326.000000        8.000000      167.000000      953.000000    32810.000000 10958940.000000     1033.000000      286.000000    90948.000000   157.000000    50694.000000    54645.000000     1323.000000    40769.000000     19.000000        7.000000      825.000000
  7  T    18.000000    36544.000000   179.000000      133.000000        3.000000      210.000000      101.000000      133.000000    40864.000000      215.000000      416.000000      200.000000    32903.000000 20942.000000        0.000000      324.000000    80987.000000 11089440.000000    240.000000       24.000000      693.000000
  8  S   311.000000      555.000000 29997.000000      362.000000        7.000000      665.000000    81436.000000      725.000000    94861.000000     2085.000000      563.000000      312.000000   104941.000000   456.000000        9.000000   331057.000000 10593825.000000    60238.000000    721.000000      624.000000      819.000000
  9  S   279.000000    44055.000000 27613.000000      135.000000        2.000000   105804.000000      401.000000      297.000000      354.000000        3.000000     1477.000000        1.000000      241.000000 17997.000000        1.000000      471.000000 10943523.000000    35119.000000    327.000000      676.000000   125793.000000
 10  G   245.000000    16934.000000 26497.000000    34209.000000      304.000000      252.000000 11137132.000000      236.000000      207.000000        2.000000      157.000000        8.000000      659.000000    80.000000        4.000000    28908.000000    38366.000000      152.000000  19718.000000      351.000000      148.000000
 11  Q 21241.000000      954.000000     6.000000      620.000000    40425.000000       14.000000      431.000000   138990.000000       11.000000    19890.000000    48242.000000      244.000000      431.000000 23411.000000 10846224.000000   156820.000000     1228.000000      277.000000    638.000000     1055.000000     3417.000000
 12  R    98.000000      640.000000 43763.000000      360.000000        3.000000      997.000000    37450.000000    90592.000000     1312.000000        4.000000    81260.000000        1.000000     1429.000000 91732.000000      724.000000 10888309.000000    62533.000000      732.000000   1511.000000      311.000000      808.000000
 13  Y 34686.000000      128.000000 15279.000000    11219.000000      115.000000    30347.000000      141.000000    16823.000000      110.000000      176.000000      777.000000        1.000000    11272.000000    99.000000      197.000000      110.000000    23119.000000      487.000000     90.000000      165.000000 11159228.000000
 14  F   225.000000       91.000000  9679.000000       31.000000        3.000000 11153932.000000      125.000000       76.000000    10334.000000        5.000000    55539.000000       50.000000       80.000000   383.000000        3.000000      105.000000    23160.000000      180.000000  10881.000000      120.000000    39567.000000
 15  L   462.000000      112.000000    13.000000       32.000000      164.000000      519.000000      131.000000      166.000000     2473.000000     1044.000000 11104798.000000    57969.000000       18.000000 22091.000000    17299.000000    40116.000000      225.000000      156.000000  56563.000000      211.000000        7.000000
 16  N   261.000000      122.000000   119.000000    34258.000000      440.000000      163.000000      182.000000    21870.000000     9213.000000    44561.000000       89.000000       96.000000 11100699.000000   699.000000      278.000000      538.000000    39427.000000    29686.000000     75.000000        0.000000    21793.000000
 17  H   244.000000      121.000000   159.000000    14235.000000      209.000000      191.000000      136.000000 11138450.000000      148.000000      641.000000    19109.000000        1.000000    19651.000000 32124.000000    36736.000000    20920.000000      279.000000     1298.000000    111.000000       18.000000    19788.000000
 18  I     9.000000      273.000000   244.000000      131.000000        2.000000    67267.000000      328.000000      627.000000 10832251.000000     1015.000000    72623.000000   104796.000000    68917.000000   739.000000        6.000000     1642.000000    38092.000000    56838.000000  58489.000000       14.000000      266.000000
 19  D   304.000000   194675.000000  1519.000000 10245033.000000   192040.000000      521.000000    85261.000000    99914.000000     1034.000000     7588.000000     1047.000000        2.000000   299245.000000  1087.000000     2124.000000     4316.000000     2984.000000     3352.000000  81801.000000       17.000000    80705.000000
 20  Q 13953.000000      213.000000     2.000000      223.000000    21126.000000        8.000000      177.000000   107530.000000        3.000000   281793.000000    23773.000000      480.000000      533.000000 20762.000000 10529443.000000   302881.000000      229.000000      665.000000    109.000000      198.000000      468.000000
 21  T     5.000000    38928.000000   445.000000      304.000000       16.000000      779.000000      174.000000      648.000000    62204.000000     1069.000000      512.000000      678.000000    48797.000000 34939.000000       49.000000     3364.000000   131027.000000 10979596.000000    282.000000        0.000000      753.000000
 22  T     1.000000    14765.000000   117.000000       99.000000        1.000000       85.000000      150.000000     1290.000000    14816.000000      345.000000       90.000000      133.000000    20019.000000 36709.000000       48.000000      466.000000    84637.000000 11130633.000000    110.000000        3.000000       52.000000
 23  T   113.000000    26850.000000     6.000000        6.000000      108.000000        1.000000      278.000000      161.000000      652.000000    21049.000000      375.000000    27010.000000      600.000000 25633.000000      953.000000    42417.000000    52888.000000 11104971.000000    247.000000      241.000000       10.000000
 24  W 65821.000000      184.000000 35161.000000        5.000000      178.000000      369.000000    20171.000000        7.000000        2.000000      142.000000    15487.000000       85.000000        3.000000   121.000000      246.000000    34023.000000    13730.000000       51.000000    322.000000 11117998.000000      463.000000