# POSITION WT * A C D E F G H I K L M N P Q R S T V W Y
  0  A     18.000000 9425153.000000    871.000000   83708.000000     781.000000     892.000000  128638.000000     657.000000     803.000000       7.000000    1209.000000       5.000000     769.000000  65483.000000       3.000000     990.000000   70456.000000   82898.000000  94609.000000      20.000000     641.000000
  1  G    235.000000   51854.000000  66902.000000   72804.000000     772.000000    1011.000000 9629164.000000     477.000000     527.000000      12.000000     469.000000       1.000000     648.000000    323.000000       4.000000   47129.000000   68457.000000     425.000000  15938.000000     885.000000     574.000000
  2  W 131997.000000     241.000000 102375.000000       7.000000     416.000000     939.000000   79732.000000       1.000000       4.000000     323.000000   69706.000000     234.000000       2.000000    226.000000     380.000000   87137.000000   45672.000000     168.000000    419.000000 9437715.000000     917.000000
  3  E  64646.000000   57468.000000      9.000000  133816.000000 9421490.000000      11.000000   64568.000000     772.000000     600.000000   85265.000000    1063.000000      22.000000    1357.000000    368.000000   47907.000000     791.000000     540.000000     455.000000  76331.000000      35.000000    1097.000000
  4  M    392.000000     375.000000     23.000000      12.000000     296.000000     684.000000     583.000000       6.000000  188939.000000   45209.000000  144169.000000 9402797.000000    1258.000000    375.000000     302.000000   57179.000000    1001.000000   47311.000000  65725.000000    1965.000000      10.000000
  5  A     86.000000 9458371.000000    571.000000   77877.000000    1062.000000    1035.000000   84947.000000     424.000000    1021.000000     109.000000    1793.000000       8.000000    1629.000000  52566.000000      11.000000     358.000000   79183.000000   85214.000000 111633.000000       8.000000     705.000000
  6  K  81622.000000     412.000000      9.000000     976.000000   57293.000000      19.000000     509.000000    1041.000000   53529.000000 9464261.000000    1390.000000     357.000000  135538.000000    427.000000   54261.000000   51399.000000    1555.000000   52788.000000     66.000000      25.000000    1134.000000
  7  T     16.000000   56733.000000    585.000000     428.000000       7.000000     926.000000     477.000000     549.000000   90095.000000     823.000000    2282.000000     384.000000   76537.000000  69498.000000       6.000000    1141.000000  147829.000000 9508903.000000    555.000000     149.000000     688.000000
  8  S   1191.000000     375.000000  91170.000000     491.000000       8.000000    1549.000000   65925.000000     536.000000   99591.000000     876.000000     641.000000     321.000000   85701.000000    322.000000      12.000000  146709.000000 9411199.000000   47756.000000   2711.000000     646.000000     881.000000
  9  S    775.000000   35234.000000  63447.000000     222.000000       4.000000  110318.000000     437.000000     300.000000     298.000000       9.000000    4879.000000       9.000000     248.000000  45722.000000       8.000000     395.000000 9603776.000000   30140.000000    401.000000     469.000000   61520.000000
 10  G    225.000000   47671.000000  76574.000000   75622.000000     745.000000    1042.000000 9522446.000000     484.000000     642.000000       8.000000     498.000000       3.000000     861.000000    271.000000      12.000000   55525.000000   89542.000000     445.000000  83945.000000    1361.000000     689.000000
 11  Q  79023.000000     660.000000     21.000000     903.000000   56848.000000      13.000000     722.000000  129286.000000      19.000000   65131.000000   79504.000000     533.000000    1360.000000  73376.000000 9375607.000000   89921.000000    2694.000000     495.000000    674.000000     613.000000    1208.000000
 12  R    465.000000    1638.000000  92587.000000     726.000000      12.000000    1599.000000  114423.000000   88286.000000     608.000000       7.000000  104799.000000       3.000000     696.000000  53731.000000     724.000000 9426175.000000   67073.000000     425.000000   3417.000000     357.000000     860.000000
 13  Y 131626.000000     415.000000  59586.000000   43272.000000     377.000000   95237.000000     430.000000   44548.000000     341.000000     559.000000    3014.000000       2.000000   38157.000000    529.000000     931.000000     361.000000   86854.000000    2384.000000    410.000000     461.000000 9449117.000000
 14  F    863.000000     269.000000  39614.000000     157.000000       9.000000 9552926.000000     224.000000     298.000000   34508.000000      15.000000  189633.000000     289.000000     160.000000   1272.000000       7.000000     276.000000   67879.000000     271.000000  38696.000000     448.000000   30797.000000
 15  L   1904.000000     421.000000     45.000000      43.000000     482.000000    1462.000000     487.000000     521.000000    1738.000000     317.000000 9662139.000000   70016.000000      57.000000  54853.000000   39373.000000   54083.000000     595.000000     532.000000  68502.000000    1027.000000      14.000000
 16  N   1321.000000     638.000000    629.000000   67502.000000    2083.000000     916.000000     723.000000   69637.000000   62062.000000  144603.000000     675.000000     664.000000 9349442.000000   2069.000000    1140.000000    1619.000000   69145.000000  101636.000000    569.000000       7.000000   81531.000000
 17  H   1341.000000     647.000000    636.000000   62956.000000     937.000000     981.000000     600.000000 9325771.000000     715.000000    1697.000000   83761.000000       4.000000   71937.000000 104407.000000  143423.000000   64815.000000    1253.000000    5279.000000    701.000000      32.000000   86718.000000
 18  I     34.000000     453.000000    414.000000     328.000000       5.000000   87693.000000     350.000000    1734.000000 9498113.000000     722.000000   73712.000000   77130.000000   37273.000000   1234.000000      46.000000    1546.000000   47926.000000   62878.000000  66673.000000      16.000000     331.000000
 19  D   1074.000000   95691.000000    476.000000 9332117.000000  129640.000000     634.000000   65808.000000   53949.000000    1057.000000    1691.000000     474.000000       7.000000  113634.000000   2626.000000    2411.000000    1546.000000    1667.000000    3864.000000  81744.000000       9.000000   68492.000000
 20  Q  76122.000000     543.000000      6.000000    1107.000000   60154.000000      14.000000     605.000000  123063.000000      27.000000   77469.000000   73955.000000     710.000000    1529.000000  67945.000000 9402243.000000   68667.000000     696.000000    1425.000000    599.000000     655.000000    1077.000000
 21  T     10.000000   67437.000000    576.000000    1151.000000      31.000000     745.000000     502.000000    1444.000000   85998.000000    1211.000000     682.000000     669.000000   80394.000000 107666.000000     146.000000    1929.000000  140721.000000 9466174.000000    587.000000       7.000000     531.000000
 22  T     13.000000   66889.000000    618.000000     412.000000      12.000000     685.000000     644.000000    5239.000000   80626.000000    1286.000000     655.000000     572.000000   71728.000000 109598.000000     203.000000    1653.000000  160257.000000 9456476.000000    509.000000       8.000000     528.000000
 23  T    576.000000   60486.000000     26.000000      12.000000     413.000000      17.000000     749.000000     532.000000    2495.000000   63641.000000    1400.000000   82231.000000    1181.000000  87147.000000    1160.000000   89384.000000   78353.000000 9487471.000000    721.000000     595.000000      21.000000
 24  W 260721.000000     570.000000 137706.000000      17.000000     717.000000    1321.000000   73083.000000      27.000000       9.000000     530.000000   65025.000000     287.000000      10.000000    603.000000     860.000000   99026.000000   56905.000000     251.000000    939.000000 9258017.000000    1987.000000
