  pos     val_AA     val_AC     val_AG     val_AT     val_CA     val_CC     val_CG     val_CT     val_GA     val_GC     val_GG     val_GT     val_TA     val_TC     val_TG     val_TT
    3  12.731889  -2.129366   5.793788   3.401823 -11.659938   6.058092  -1.396574  -7.724714  -9.679209  -2.689468  -0.918738 -12.726882   9.580962  -1.956803  -4.284565  17.599702
    4   3.707367  -4.692228   6.605236  -4.646672  -5.678887  -2.055376   2.728722   4.287996   0.525979  -2.872336   1.208181   0.332089  -0.840083   8.537054  -8.258208   1.111166
    5  -8.276281  10.641108  -8.073994   3.423542   7.478844  -5.230069  -0.857686  -2.473975  -4.165645   1.237880  11.621086  -6.409391   3.640094  -4.514513  -5.733418   7.692416
    6   3.042651  -3.973297   2.288000  -2.680340  -1.990335   6.933791 -10.926043   8.116992   9.675274   2.133004  -8.043432  -6.808858 -12.326826  -9.861915  18.383050   6.038283
    7   2.067316  -0.669223  -0.739137  -2.258191  -8.530598   6.209083   2.074710  -4.521613  -0.927249  -6.061405  -4.170321  12.860551  10.154639   0.066912   1.819899  -7.375372
    8  -0.147873   4.273259   3.362175  -4.723452  -0.892183   9.331718  -3.522978  -5.371191   7.430788  -1.473006 -12.400336   5.427703  -8.949144 -12.224068  15.541790   4.336797
    9  -9.452082   4.795177  -5.670589   7.769082  -7.117776   2.171207   8.210197  -3.355726  22.444549  -0.727924  -6.580086 -12.155887  -2.916211  -6.248350   3.389824   5.444595
   10  -5.847562   9.420374  -3.916020   3.301688  -2.877600  -5.792218   8.021328   0.638600  -3.942301  -3.636022  -2.530011   9.457679   9.751559   0.683281  -1.078618 -11.654158
   11  -2.484835  -7.282253   8.313957  -1.462773   2.000741   1.292085  -0.949983  -1.667429  -3.489386   7.251868  -3.164704  -0.101099   6.867677  -2.013179  -3.272041   0.161353
   12   4.670059   5.802679  -2.782962  -4.795578  -3.603463  -1.342019  -0.910695   5.104698   1.650767  -4.064198   1.321810   2.018851  -3.907519   0.944313  -1.146051   1.039308
   13   2.807161  -2.160238 -15.110041  13.272963  -0.006719   2.959274   8.256275  -9.868055  -1.302667   0.806445  -1.514252  -1.507424   2.530172  -2.926006   7.357005  -3.593893
   14   0.690250  -1.033852  -0.819390   5.190940  -5.120315   7.433907   1.744479  -5.378598   0.712255   0.866258   1.597823  -4.187348   1.351737 -10.052289   3.116331   3.887812
   15  -6.237805   4.405599  -0.416639  -0.117228  -5.393106   4.008592   0.592763  -1.994225   9.972632  -0.572798   0.400419  -4.161009   5.982480  -8.059754  -3.198228   4.788308
   16  -1.871465  -0.276500  -0.160298   6.632464  -5.727242   3.544956   4.927381  -2.963456   1.874253  -5.625531  -1.879753   3.009346   4.379080  -1.607313  -1.254304  -3.001617
   17  -1.622457  -7.852707  -0.855108   8.984897   0.387790  -6.257940  12.722382 -10.816621   7.398411  -7.777992   2.493458  -0.480849  -7.988876  23.915157 -15.861493   3.611947
   18   1.740181  -3.714554   2.428988  -2.279746  12.854708  -3.036124 -11.925063   4.132997  -5.286625   6.882564  -3.524740   0.428040  -9.734719  -2.871769  12.317688   1.588174
   19  -4.207400  13.653948 -11.229760   1.356758  -0.315846  -5.579206   5.186908  -2.031738  -1.500223   7.244111  -3.862881  -2.584133   5.525489  -6.706805   1.472022   3.578758
   20  -1.878254   4.651364 -11.256723   7.985632  10.130108  -8.560149  11.843672  -4.801583  -2.651067   2.088692  -8.741121   0.869786   3.965998  -3.667129  10.399824 -10.379049
   21  -4.219078  12.033918  -1.844557   3.596502   7.051830  -6.697648  -1.691459  -4.149945   0.702455  -6.188260   1.263105   6.468352  -0.833728  -2.691938   0.331968  -3.131517
   22   5.946111  -1.803881   2.986727  -4.427477  -3.346624  -1.833965  -8.722882  10.359543   0.573701  -7.059891   5.086325  -0.541078  -2.144214   8.215697  -1.480282  -1.807810
   23  -0.316333   2.704884  -8.331957   6.972380  -3.283430   8.286526  -5.208303  -2.276833  -5.566054  15.089464  -7.111729  -4.541792   2.076483   5.010829 -15.901131  12.396998
