  pos     val_AA     val_AC     val_AG     val_AT     val_CA     val_CC     val_CG     val_CT     val_GA     val_GC     val_GG     val_GT     val_TA     val_TC     val_TG     val_TT
    3  15.537663 -13.684765  -6.373927   7.570164 -16.517009  -2.424522  10.889823  -5.457732  -9.405952   8.218986  -0.915221 -13.834598  10.748454   5.113526  -4.770043  15.305154
    4   3.213837   1.025026   0.828827  -4.704533  -7.628480   0.737007  -0.365086   4.479783   0.963255  -3.432514  -0.470572   1.770464   0.040556   2.678891  -3.013663   3.877204
    5  -5.030513   1.925191  -5.558344   5.252834   0.812700  -7.200653  12.517262  -5.120900  -0.298146   8.544006 -13.286011   2.019657   2.232519  -2.677447   5.433184   0.434662
    6  -5.015824   6.359838  -5.387492   1.760038  -2.844511   3.200590   4.398405  -4.163387  13.575186  -0.591497 -10.668790  -3.208807  -7.855358 -12.994723  20.663207   2.773126
    7  -9.585069   8.784260  -6.430403   5.090704  -1.588415   2.341510   4.032940  -8.811827  13.047416  -4.933831  -2.851116   3.742862  -2.334925  -5.192390   2.881570   1.806714
    8   1.634926  -0.743306  -9.425919   8.073307   3.745191  -6.800977  -1.195114   5.250449   3.096484  10.306265  -7.657206  -8.112553  -8.513950  -3.689767  19.791500  -5.759330
    9  -7.787087  -2.870894   9.098811   1.521821 -12.380783  -3.106886   5.357805   9.202078  24.500410   3.148834  -8.040674 -18.095308  -0.761428   3.649491  -8.755695   5.319505
   10  -7.772422  10.491242  -2.572187   3.424479   1.167721  -4.940509   3.312333   1.281000  -5.617855  10.555951  -5.191105  -2.086744  10.926039 -17.473133   4.697250  -0.202061
   11  -0.439333   0.368753  -1.839068   0.613133   2.914820   1.800999  -2.681268  -3.401000   2.266277  -1.206077  -0.582488  -0.231421  -4.586608   4.069805   2.357454   0.576023
   12   1.664373  13.033780  -8.742256  -5.800742   4.478001  -7.362070   4.848339   3.069210   2.007369  -8.924271  -2.810366   6.981896  -9.982266   4.039654   4.515684  -1.016338
   13   3.414442  -6.535777  -7.760099   9.048912  -3.037644   3.173270   0.227309   0.424160   0.898696   6.192037   2.107347 -11.386678   2.913969  -4.647453   3.280244   1.687265
   14  -0.481664   2.283434  -0.538581   2.926274  -7.558428   5.031167   3.642954  -2.933617  -1.254655  -8.771435   6.030723   1.850168   8.666724   2.762531  -4.315077  -7.340518
   15  -3.258245  -6.371167  -1.138521  10.139911  -2.899079  -2.247122   7.396250  -0.944353   9.192730   4.119167  -4.135703  -4.356174  -2.727977   1.620436  -0.136591  -4.253560
   16  -3.780559  -0.544722  -1.301799   5.934508   0.994511   2.627972  -3.973579  -2.527592  -1.018999   5.169982  -3.138413   0.972866   4.658021  -6.179860   5.601923  -3.494262
   17  17.528933 -13.521022 -15.177137  12.022200  -4.504610 -16.794604  26.586693  -4.214106   4.709836   5.511576  -5.136106  -7.897175 -17.906858  26.473841 -10.819100   3.137638
   18   6.045763   6.401518  -2.180184 -10.439796  16.116063  -6.565610 -16.900768   9.020107  -7.964889   0.007124   0.461415   2.950701 -11.711357  -1.873126  21.101699  -4.468658
   19   1.759902   8.882792 -10.883775   2.726661   0.170035  -6.190473   4.214851  -0.224508   3.478942   8.680010  -3.443803  -6.232988  -7.779718  -0.825560   2.800662   2.866970
   20  -6.593906   5.753374  -8.031820   6.501512  13.388116 -10.022758   8.803730  -1.622318  -4.600274   2.257044  -2.937822  -2.031013   3.519684  -1.745530   5.477805  -8.115823
   21 -13.308312  13.119969   4.045370   1.856592   5.554852  -4.742876  -9.416208   4.846363   3.284695  -3.526019   4.262138  -0.708921   4.439825  -5.621579   0.229135  -4.315024
   22   2.878927  -0.783700   0.982797  -3.106963  -2.895335   0.180807  -1.819698   3.763721  -2.238149  -2.009417  -4.234620   7.602622   1.422759   0.717718   2.337856  -2.799323
   23   2.863292  -6.503163  -9.272392  12.080465   8.866642  -2.653415 -12.562253   4.454433  -4.738080  -2.095742   9.536619  -5.436463  -4.053216  -2.576983  -4.252031  16.342287
