  pos      val_A      val_C      val_G      val_T
    3  -0.022091   0.028232  -0.106874   0.100733
    4  -0.010313   0.002436  -0.093606   0.101484
    5   0.033907  -0.141047  -0.003611   0.110751
    6  -0.048397  -0.015920  -0.010463   0.074780
    7  -0.011305   0.004557  -0.076783   0.083531
    8  -0.062913   0.013166   0.066781  -0.017035
    9  -0.042730   0.031861  -0.026350   0.037219
   10   0.063600  -0.026320  -0.100396   0.063116
   11   0.094645  -0.085608  -0.172910   0.163873
   12   0.138869  -0.068492  -0.128115   0.057738
   13   0.083787  -0.065000  -0.051358   0.032571
   14   0.044226  -0.036375  -0.060968   0.053117
   15   0.032799  -0.140468  -0.116184   0.223852
   16  -0.009250  -0.008275  -0.119080   0.136606
   17   0.040685  -0.004262  -0.113028   0.076605
   18   0.000729  -0.188524  -0.077651   0.265446
   19  -0.053546  -0.033258   0.100768  -0.013964
   20  -0.013390  -0.005476  -0.045671   0.064537
   21   0.075311  -0.007257   0.036901  -0.104955
   22   0.073102   0.115803  -0.114106  -0.074799
   23   0.153978  -0.041437  -0.059033  -0.053508
   24  -0.157966   0.218921   0.003659  -0.064614
