  pos     val_AA     val_AC     val_AG     val_AT     val_CA     val_CC     val_CG     val_CT     val_GA     val_GC     val_GG     val_GT     val_TA     val_TC     val_TG     val_TT
    3  10.632484   1.384754  -9.955548  -3.165099 -11.271091  -1.412231  -5.580500  -3.709167  -7.106613   3.567257  10.258564  -1.637095   9.279018  -4.169072   0.965455  11.918884
    4   5.421048  -2.978923  -0.842771  -0.065556  -5.325224   0.017950   4.212247   0.465735  -6.337433  -5.104191   6.444072   0.685523   4.079873   4.669310  -8.252574   2.910913
    5  -6.754590   5.371945  -3.214427   2.435336  -0.067605  -2.750109  -3.282322   2.704184   4.406571  -6.940744   5.962147  -1.867000   1.465692   3.342111  -2.147065   1.335878
    6   1.806668   0.723379  -4.330153   0.850173   4.522029 -12.264261   4.969952   1.795483   4.964633   8.362497 -14.410186  -1.598612 -10.742228  -2.200551  18.463012  -0.911835
    7  -5.206764   1.902288   0.901408   2.954171   6.597922   2.100233   1.898009 -15.975100  -3.920016  -2.051658  -2.512506  13.176804   8.031423  -2.213804  -4.198714  -1.483696
    8  12.476810  -5.226847  -2.214584   0.467185  14.484176  -1.984498  -5.432469  -7.330150  -6.536369   3.355442  -2.707672   1.976797 -21.145544  -2.046736  16.946643   4.917816
    9   0.351735  -9.461873   5.723075   2.666136 -22.253031  -1.364603   8.516867   9.198129  25.837428   3.165692 -14.103201  -8.308000   2.356523   3.656322  -1.856747  -4.124450
   10   0.610513   8.158400  -4.953660   2.477402 -13.069156  -6.552879   7.386890   8.230682  -5.920767  -3.089644   4.999035   2.291370  13.930463  -0.797337  -5.285729  -8.415582
   11   1.393654  -1.415734   0.997595  -5.424462  -0.804235  -3.154028  -6.087075   7.763878  -3.367575   1.784883   5.551157  -1.821928   3.327498   7.332669  -2.061175  -4.015121
   12   0.340864   3.982501  -2.239781  -1.534243  -1.550086   1.613232   2.756900   1.727744   0.944931  -6.920800   3.923249   0.453121  -1.835252   0.995906  -4.098313   1.440026
   13   0.551360   1.679312  -4.791548   0.461334   2.824437   1.891088   2.411401  -7.456088  -1.469750  -0.590019   2.328189   0.073636   1.955444  -2.466285   1.187569   1.409921
   14   0.136512   2.077220   0.116877   1.530882  -2.064020  -6.767759   0.498656   8.847218   3.245165   7.656288  -1.436379  -8.329464  -3.427605  -2.494522   5.045080  -4.634150
   15  -5.162394  -2.283794  10.389052  -5.052813  -1.777735  -1.559455   3.379297   0.429121   7.229127   1.463769  -7.897596   3.428935   2.837215   2.322683  -5.300993  -2.444418
   16  -7.258541  -0.476104   4.056003   6.804854  -5.096126  -4.273984  12.221028  -2.907714   7.199819   0.558263 -11.877872   4.689550   4.326183   3.397156  -6.267887  -5.094627
   17  -0.277579  -9.949966   4.594223   4.804656  -3.455627 -10.165422   0.033917  12.792463  -2.900512  -3.117115  15.349226 -11.200327   5.567383  27.936470 -24.417151  -5.594640
   18  -0.477018   9.413935 -11.392849   1.389598  14.563884  -7.548467 -12.134973   9.823523 -10.533712   8.255327   4.386714  -6.548114  -4.640773 -10.545693  20.070741  -4.082123
   19   4.273246  16.244098 -24.700181   3.095219  -2.391191  -3.521381  12.387257  -6.899583  -6.500740   5.596271   8.814587  -6.980485   2.306963  -8.225344   0.790485   5.710781
   20  -5.424837   4.950919  -6.525649   4.687844  18.024669 -11.541256   6.235998  -2.625769   3.217065   4.533915  -4.133483  -6.325349  -8.704513   1.087138   5.349441  -2.806133
   21  -0.950773   8.098199  14.000178 -14.035221   3.777208  -6.406653  -7.856639   9.516800  -6.044131   0.442617   2.322007   4.205814   4.022483  -4.520513  -7.722021   1.150644
   22   2.685561  -5.218961   1.413549   1.924638  -3.917987  -0.182921  -3.524969   5.239528   3.449298   4.466551  -3.447083  -3.725241  -1.378816  -0.556988   0.919070   1.854772
   23   6.659987  -6.584466  -9.234752   9.997287  -5.609823   4.069334  -0.251288   0.299458   2.499711  -4.265673   1.511860  -4.385330  -5.870111  -2.238969   0.256901  13.145874
