  pos     val_AA     val_AC     val_AG     val_AT     val_CA     val_CC     val_CG     val_CT     val_GA     val_GC     val_GG     val_GT     val_TA     val_TC     val_TG     val_TT
    3  -1.773847   0.098249  -0.208954  -1.643987   0.813870   5.404718  -2.369782  -4.503952 -10.253736  -3.553232   3.387390  -6.612384   9.031790  -1.455501   0.016105  13.623254
    4   3.873493 -11.678735   4.413968   1.209349  -3.872598   3.636594   1.207962  -0.477724  -7.958057   8.105907  -0.325385   1.002294   6.412025  -3.035579  -3.715993   1.202477
    5  -3.120565  -5.071279  -1.684357   8.331064  -2.951863   2.941543   4.669732  -7.631224  -0.272966   5.062555  -1.890379  -1.318657   2.727271  -2.430656  -3.144634   5.784415
    6   1.830668   0.641222  -2.197229  -3.892784   2.868536  -0.420291  -0.747577  -1.198504   1.652569  -0.501816   2.972162  -6.172553  -5.881918   0.131691  -2.938179  13.854004
    7   1.015600   2.814808  -0.269936  -3.090619  -0.131358  -0.396995  -0.738531   1.117690  -4.941578  -1.841243   2.892208   0.979789   2.484639   0.743897  -2.298457   1.660084
    8  -3.548671   1.283354   1.953435  -1.260814   0.233102   1.352961   0.553402  -0.818998  -0.623104  -1.631831   2.703347  -0.863128   4.803777  -0.106209  -6.240567   2.209943
    9  -1.687456  -4.097168   1.496628   5.153100  -2.953571  -0.268670   0.202249   3.918267   4.038012   1.160432  -3.472575  -2.756252   5.110144   3.639194  -1.433488  -8.048849
   10   7.660558  -2.032886  -8.301486   7.180942  -1.493073   0.907169   0.871201   0.148492  -1.636749  -2.259391  -0.134325   0.823281  -2.064138   0.402059   4.618753  -4.690409
   11   0.006316  -2.894652  -0.620257   5.975191  -4.184760   6.547834  -3.051896  -2.294227   1.584730  -1.191640   5.628776  -8.967722   4.365933  -3.206648  -6.625939   8.928962
   12  -1.991781  -3.602955  -3.446928  10.813883  -2.326295   3.485509  -0.740629  -1.163690   2.958100  -0.016907   4.666355 -12.276865   4.333258  -0.989307  -3.448753   3.747005
   13   3.605280  -1.984737   0.038676   1.314063  -2.291759  -1.398425   1.451792   1.114732  -0.321527   0.812965  -2.869812  -0.591582   0.611369   3.780944  -1.936185  -1.335795
   14  -1.353012  -7.299604  -6.580679  16.836657   2.495597   1.902041   1.666654  -4.853544  -2.556252   0.170164   3.059042  -3.988482   0.520934   1.744720   0.104069  -1.868304
   15  -3.563649   6.500789   2.649064  -6.478937   1.187450  -5.959725  -0.254160   1.543756   0.578085  -5.608770   0.446427   2.833344   2.393616   4.834522  -4.996659   3.894848
   16   3.665599   2.211040  -5.499359   0.218222   6.608730   0.049989  -9.395598   2.503694  -9.213459   3.545362  12.794366  -9.281597  -1.062537  -6.299693  -0.203854   9.359094
   17  -7.727109   6.241605   6.973053  -5.489217   7.303230  -3.784260  -1.784209  -2.228063  -0.716432  -0.612874  -0.278333  -0.696805   1.516718  -7.421601  -7.463149  16.167445
   18   0.959372  -0.055007   6.317773  -6.845730  -9.098132   1.339718  -2.562423   4.743707   0.068861  -1.378035  -5.384288   4.140825   5.962527  -0.838703   4.004108  -1.374572
   19  -3.509703   4.971492  -3.632733   0.063572  -3.105221  -0.338607   3.146861  -0.635059   4.391145   5.045569  -2.077490  -4.984054   2.355038 -10.603633   1.771112   7.141712
   20  -2.111184   4.360668   0.539727  -2.657952   2.625751  -3.980481   4.671249  -4.241698   4.493314   3.744161  -6.209765  -2.819961  -3.341470  -2.315437   2.310481   4.932597
   21   0.554319   8.503983 -10.086340   2.694449   1.933094   0.061956   6.801566  -6.987706  -0.733051  -0.089763   3.901783  -1.767277   0.080372  -5.584250  -3.066688   3.783551
   22   1.479101   4.343443   0.747466  -4.735275  13.386654  -6.349365  -3.273705  -0.871658  -7.111405  -2.778280   1.395302   6.044704  -3.390944   2.188838  -0.825824  -0.249053
   23  -4.095034  15.289492  -3.088831  -3.742220  -2.720826  -0.756846   2.194692  -1.312384  -1.591520   5.468631  -5.136949  -0.696922  -0.947909   0.232629   4.716568  -3.812570
