  pos      val_A      val_C      val_G      val_T
    3   0.084818  -0.090447  -0.060069   0.065698
    4   0.066910  -0.096638  -0.066156   0.095884
    5   0.015976  -0.048659   0.007112   0.025571
    6  -0.098265   0.028350  -0.108523   0.178438
    7  -0.129133  -0.115799   0.225187   0.019744
    8   0.024096  -0.070010  -0.127002   0.172916
    9  -0.101587  -0.193564   0.281505   0.013646
   10   0.169591   0.022163  -0.032268  -0.159486
   11  -0.093449   0.068613  -0.019128   0.043964
   12  -0.018026   0.060445  -0.006034  -0.036386
   13  -0.021331   0.014303  -0.049578   0.056606
   14   0.038852  -0.021633   0.025432  -0.042650
   15  -0.003370  -0.025026   0.044287  -0.015891
   16   0.145045  -0.041411  -0.024375  -0.079259
   17  -0.084527  -0.097235  -0.011450   0.193212
   18  -0.045393   0.276357  -0.131144  -0.099820
   19   0.145580  -0.111123  -0.024512  -0.009944
   20   0.003494   0.216397  -0.230682   0.010791
   21   0.226445  -0.164015   0.061362  -0.123792
   22   0.065200  -0.063106  -0.011113   0.009018
   23   0.015584  -0.063276  -0.108961   0.156652
   24  -0.011751   0.014744  -0.043719   0.040726
