  pos      val_A      val_C      val_G      val_T
    3   0.065981  -0.079334  -0.040772   0.054125
    4   0.072335  -0.079389  -0.094493   0.101546
    5   0.016959  -0.043495  -0.016277   0.042813
    6  -0.075958   0.047615  -0.138732   0.167075
    7  -0.055732  -0.151596   0.227721  -0.020393
    8  -0.004403  -0.064611  -0.088754   0.157768
    9  -0.136747  -0.225985   0.317910   0.044822
   10   0.181527   0.012373  -0.088625  -0.105275
   11  -0.075386   0.063582  -0.022899   0.034702
   12  -0.032631   0.058992   0.017219  -0.043579
   13  -0.020257   0.011211  -0.030173   0.039218
   14   0.041788  -0.016240   0.003627  -0.029175
   15  -0.042016   0.005574   0.045989  -0.009546
   16   0.101611  -0.020798  -0.017194  -0.063619
   17  -0.107695  -0.115664   0.034558   0.188802
   18   0.017841   0.305861  -0.265752  -0.057950
   19   0.155244  -0.105703  -0.048985  -0.000555
   20   0.055432   0.204200  -0.232497  -0.027134
   21   0.215389  -0.128654   0.033164  -0.119898
   22   0.049812  -0.060554  -0.009503   0.020245
   23   0.025079  -0.042128  -0.114866   0.131916
   24   0.041326  -0.031501  -0.066990   0.057165
