  pos      val_A      val_C      val_G      val_T
    3   0.107971  -0.115016  -0.070084   0.077128
    4   0.057932  -0.080161  -0.086091   0.108319
    5   0.013081  -0.027167  -0.013055   0.027141
    6  -0.099264   0.033182  -0.120336   0.186419
    7  -0.044955  -0.178675   0.247028  -0.023398
    8  -0.003082  -0.037632  -0.124309   0.165023
    9  -0.119554  -0.099846   0.297390  -0.077991
   10   0.197316   0.057545  -0.106751  -0.148110
   11  -0.063134   0.033093  -0.019715   0.049755
   12  -0.035166   0.067723   0.010816  -0.043373
   13  -0.059805   0.018932   0.000363   0.040510
   14   0.045982  -0.032842   0.023217  -0.036357
   15  -0.051626   0.008199   0.073641  -0.030214
   16   0.094749  -0.031291  -0.009275  -0.054183
   17  -0.089325  -0.077203  -0.018663   0.185192
   18  -0.054762   0.314136  -0.205540  -0.053834
   19   0.179023  -0.122590  -0.063769   0.007336
   20   0.025466   0.181075  -0.179762  -0.026779
   21   0.218755  -0.156582   0.054464  -0.116637
   22   0.062796  -0.053195  -0.019431   0.009830
   23   0.010554  -0.045286  -0.119371   0.154103
   24   0.027291  -0.036997  -0.076903   0.086609
