# POSITION WT A C G T
  0  T  2949.000000  2709.000000  3834.000000 90508.000000
  1  T  7524.000000 10049.000000  8591.000000 73836.000000
  2  T  3186.000000  4366.000000  6066.000000 86382.000000
  3  A 90762.000000  1660.000000  2766.000000  4812.000000
  4  A 72013.000000  6247.000000  9845.000000 11895.000000
  5  A 59388.000000 20559.000000  7978.000000 12075.000000
  6  A 86901.000000  6536.000000  1568.000000  4995.000000
  7  C  3071.000000 91276.000000  2229.000000  3424.000000
  8  C  8562.000000 80171.000000  5032.000000  6235.000000
  9  T  3189.000000  2856.000000  3842.000000 90113.000000
 10  T  3609.000000  2743.000000  3551.000000 90097.000000
 11  T  2335.000000  2897.000000  2633.000000 92135.000000
 12  A 93547.000000  1837.000000  2450.000000  2166.000000
 13  T  2382.000000  2714.000000  2887.000000 92017.000000
 14  G  4753.000000  2294.000000 91215.000000  1738.000000
 15  C  2480.000000 92495.000000  2852.000000  2173.000000
 16  T  2680.000000  2539.000000  2715.000000 92066.000000
 17  T  2724.000000  2743.000000  2312.000000 92221.000000
 18  C  3112.000000 90517.000000  2922.000000  3449.000000
 19  C  3153.000000 89992.000000  3244.000000  3611.000000
 20  G  3738.000000  3141.000000 88864.000000  4257.000000
 21  G  2457.000000  2998.000000 88950.000000  5595.000000
 22  C  6652.000000 86264.000000  4840.000000  2244.000000
 23  T  3659.000000  2408.000000  4789.000000 89144.000000
 24  C  6254.000000 73592.000000 14265.000000  5889.000000
 25  G  1686.000000  2147.000000 93274.000000  2893.000000
 26  T  1247.000000   535.000000   136.000000 98082.000000
 27  A 99777.000000    53.000000    88.000000    82.000000
 28  T  2555.000000  1135.000000  1105.000000 95205.000000
 29  G  9429.000000  3537.000000 84439.000000  2595.000000
 30  T  9515.000000  6130.000000  2828.000000 81527.000000
 31  T  1069.000000  1939.000000  1356.000000 95636.000000
 32  C  5086.000000 86632.000000  3824.000000  4458.000000
 33  C  4553.000000 88794.000000  2538.000000  4115.000000