# POSITION WT A C G T
  0  T  14885.000000  14097.000000  17991.000000 453027.000000
  1  T  24355.000000  25794.000000  25446.000000 424405.000000
  2  T  17398.000000  21139.000000  23659.000000 437804.000000
  3  A 458825.000000   8501.000000  13294.000000  19380.000000
  4  A 423751.000000  24171.000000  25676.000000  26402.000000
  5  A 420589.000000  27701.000000  25276.000000  26434.000000
  6  A 442701.000000  24287.000000  10263.000000  22749.000000
  7  C  13848.000000 458210.000000  11661.000000  16281.000000
  8  C  24776.000000 430704.000000  21545.000000  22975.000000
  9  T  15631.000000  14900.000000  16575.000000 452894.000000
 10  T  17201.000000  14130.000000  16747.000000 451922.000000
 11  T  12870.000000  14583.000000  13547.000000 459000.000000
 12  A 464129.000000  10818.000000  13090.000000  11963.000000
 13  T  12889.000000  13963.000000  14372.000000 458776.000000
 14  G  20346.000000  12821.000000 455932.000000  10901.000000
 15  C  13123.000000 460090.000000  14502.000000  12285.000000
 16  T  13971.000000  13201.000000  13867.000000 458961.000000
 17  T  14171.000000  14150.000000  12498.000000 459181.000000
 18  C  15129.000000 453899.000000  14677.000000  16295.000000
 19  C  15505.000000 452188.000000  15402.000000  16905.000000
 20  G  17334.000000  15278.000000 447990.000000  19398.000000
 21  G  13563.000000  14668.000000 449560.000000  22209.000000
 22  C  23572.000000 443453.000000  20873.000000  12102.000000
 23  T  18718.000000  13666.000000  21668.000000 445948.000000
 24  C  23338.000000 426969.000000  26815.000000  22878.000000
 25  G  10453.000000  12140.000000 463308.000000  14099.000000
 26  T   7905.000000   5130.000000   1795.000000 485170.000000
 27  A 496440.000000    798.000000   1431.000000   1331.000000
 28  T  13679.000000   8718.000000   8332.000000 469271.000000
 29  G  25209.000000  17282.000000 443741.000000  13768.000000
 30  T  24964.000000  22846.000000  14820.000000 437370.000000
 31  T   8130.000000  11314.000000   9337.000000 471219.000000
 32  C  21057.000000 441318.000000  17602.000000  20023.000000
 33  C  19680.000000 448969.000000  12858.000000  18493.000000
