# POSITION WT A C G T
  0  T  3058.000000  3019.000000  2952.000000 90665.000000
  1  T  2882.000000  2957.000000  2888.000000 90967.000000
  2  T  2919.000000  3091.000000  3013.000000 90671.000000
  3  A 90590.000000  3069.000000  2995.000000  3040.000000
  4  A 91015.000000  2851.000000  2933.000000  2895.000000
  5  A 90517.000000  3099.000000  3067.000000  3011.000000
  6  A 90665.000000  3033.000000  2996.000000  3000.000000
  7  C  2923.000000 90930.000000  2901.000000  2940.000000
  8  C  3004.000000 90737.000000  3007.000000  2946.000000
  9  T  2938.000000  2870.000000  2985.000000 90901.000000
 10  T  2952.000000  3000.000000  2944.000000 90798.000000
 11  T  3038.000000  2926.000000  3020.000000 90710.000000
 12  A 90687.000000  2940.000000  3016.000000  3051.000000
 13  T  3031.000000  2963.000000  2881.000000 90819.000000
 14  G  2986.000000  2998.000000 90681.000000  3029.000000
 15  C  3051.000000 90557.000000  3065.000000  3021.000000
 16  T  3035.000000  2983.000000  2957.000000 90719.000000
 17  T  3055.000000  3007.000000  2918.000000 90714.000000
 18  C  2914.000000 90902.000000  2949.000000  2929.000000
 19  C  3044.000000 90683.000000  2919.000000  3048.000000
 20  G  3005.000000  3088.000000 90578.000000  3023.000000
 21  G  2858.000000  2991.000000 90932.000000  2913.000000
 22  C  3004.000000 90675.000000  2995.000000  3020.000000
 23  T  3066.000000  2960.000000  2981.000000 90687.000000
 24  C  3007.000000 90668.000000  3031.000000  2988.000000
 25  G  2964.000000  3020.000000 90774.000000  2936.000000
 26  T  2921.000000  2928.000000  3007.000000 90838.000000
 27  A 90743.000000  2884.000000  3057.000000  3010.000000
 28  T  2998.000000  3027.000000  3011.000000 90658.000000
 29  G  3108.000000  2998.000000 90652.000000  2936.000000
 30  T  2984.000000  3026.000000  3018.000000 90666.000000
 31  T  2946.000000  3056.000000  3066.000000 90626.000000
 32  C  3057.000000 90694.000000  3011.000000  2932.000000
 33  C  3022.000000 90733.000000  2987.000000  2952.000000