# POSITION WT A C G T
  0  T  14955.000000  15215.000000  15053.000000 455361.000000
  1  T  14925.000000  14918.000000  15031.000000 455710.000000
  2  T  15158.000000  15002.000000  14995.000000 455429.000000
  3  A 455512.000000  15185.000000  15024.000000  14863.000000
  4  A 455609.000000  15096.000000  14966.000000  14913.000000
  5  A 455097.000000  15145.000000  15310.000000  15032.000000
  6  A 455332.000000  15071.000000  15349.000000  14832.000000
  7  C  14894.000000 455271.000000  15219.000000  15200.000000
  8  C  15043.000000 455365.000000  15098.000000  15078.000000
  9  T  15109.000000  15069.000000  14787.000000 455619.000000
 10  T  14929.000000  15097.000000  15011.000000 455547.000000
 11  T  14902.000000  14882.000000  15090.000000 455710.000000
 12  A 455631.000000  14996.000000  15047.000000  14910.000000
 13  T  15242.000000  15047.000000  14748.000000 455547.000000
 14  G  14931.000000  14848.000000 455594.000000  15211.000000
 15  C  14983.000000 455830.000000  14919.000000  14852.000000
 16  T  14890.000000  15057.000000  15163.000000 455474.000000
 17  T  14994.000000  14839.000000  14969.000000 455782.000000
 18  C  15027.000000 455512.000000  15070.000000  14975.000000
 19  C  15075.000000 455466.000000  14774.000000  15269.000000
 20  G  15013.000000  14833.000000 455694.000000  15044.000000
 21  G  14870.000000  15056.000000 455599.000000  15059.000000
 22  C  15189.000000 455249.000000  15208.000000  14938.000000
 23  T  15137.000000  15051.000000  15078.000000 455318.000000
 24  C  14815.000000 455683.000000  15016.000000  15070.000000
 25  G  15056.000000  15034.000000 455380.000000  15114.000000
 26  T  14966.000000  14861.000000  14865.000000 455892.000000
 27  A 455299.000000  14940.000000  15054.000000  15291.000000
 28  T  15139.000000  14767.000000  14857.000000 455821.000000
 29  G  15001.000000  15247.000000 455427.000000  14909.000000
 30  T  15138.000000  15061.000000  15288.000000 455097.000000
 31  T  14885.000000  15104.000000  14868.000000 455727.000000
 32  C  15247.000000 454930.000000  15019.000000  15388.000000
 33  C  15053.000000 455001.000000  15249.000000  15281.000000
