-5.171174433216639832e-01
-5.170996671342228401e-01
-5.170391969856239500e-01
-5.169113816753566626e-01
-5.166923756029121462e-01
-5.163588790262468864e-01
-5.158880048657775719e-01
-5.152571971587757149e-01
-5.144441759581152018e-01
-5.134268976230283998e-01
-5.121835248629199588e-01
-5.106924033500813698e-01
-5.089320429659950351e-01
-5.068811024370055707e-01
-5.045183765230670803e-01
-5.018227851768052306e-01
-4.987733642544330825e-01
-4.953492574703476370e-01
-4.915297093634786174e-01
-4.872940590975430863e-01
-4.826217349565721237e-01
-4.774922494260683825e-01
-4.718851947719527873e-01
-4.657802390461230901e-01
-4.591571224603260282e-01
-4.519956540801698397e-01
-4.442757087991003884e-01
-4.359772245585974426e-01
-4.270801997860252941e-01
-4.175646910258100641e-01
-4.074108107430901571e-01
-3.965987252818693465e-01
-3.851086529620971755e-01
-3.729208623021212921e-01
-3.600156703546529835e-01
-3.463734411458249118e-01
-3.319745842081615050e-01
-3.167995531993216263e-01
-3.008288445993946292e-01
-2.840429964803063978e-01
-2.664225873415776435e-01
-2.479482350072705898e-01
-2.286005955794762068e-01
-2.083603624441565660e-01
-1.872082653255510154e-01
-1.651250693857153617e-01
-1.420915743660746688e-01
-1.180886137681513848e-01
-9.309705407087487394e-02
-6.709779398210879986e-02
-4.007176372222320815e-02
-1.199992433772045786e-02
1.713673295691198195e-02
4.735718741081085259e-02
7.868038934336341050e-02
1.111252607272819048e-01
1.447106957494616042e-01
1.794555613508513892e-01
2.153786977464751118e-01
2.524989189266740874e-01
2.908350131405482708e-01
3.304057433625247064e-01
3.712298477429076815e-01
4.133260400432081094e-01
4.567130100570098161e-01
5.014094240170634542e-01
5.474339249892734571e-01
5.948051332541895997e-01
6.435416466765779830e-01
6.936620410636237244e-01
7.451848705122641192e-01
7.981286677461467693e-01
8.525119444426509929e-01
9.083531915504137189e-01
9.656708795977522186e-01
1.024483458992369478e+00
1.084809360312708026e+00
1.146666994591272415e+00
1.210074753590272501e+00
1.275051010069865765e+00
1.341614118049305970e+00
1.409782413061267947e+00
1.479574212399598299e+00
1.551007815360762265e+00
1.624101503479201236e+00
1.698873540756837164e+00
1.775342173886935715e+00
1.853525632472520890e+00
1.933442129239550056e+00
2.015109860245025697e+00
2.098547005080217076e+00
2.183771727069170776e+00
2.270802173462652895e+00
2.359656475627694316e+00
2.450352749232877603e+00
2.542909094429500527e+00
2.637343596028766779e+00
2.733674323675101991e+00
2.831919332015758961e+00
2.932096660866792881e+00
