pos       info   info_err
   0   0.005211   0.000295
   1   0.007160   0.000273
   2   0.000688   0.000118
   3   0.024395   0.000621
   4   0.042185   0.000765
   5   0.015530   0.000613
   6   0.073403   0.001098
   7   0.022098   0.000631
   8   0.001993   0.000211
   9   0.001629   0.000177
  10   0.002386   0.000188
  11   0.002145   0.000245
  12   0.002682   0.000262
  13   0.001606   0.000176
  14   0.028605   0.000740
  15   0.079963   0.001144
  16   0.011781   0.000604
  17   0.029916   0.000830
  18   0.022615   0.000765
  19   0.004590   0.000380
  20   0.007448   0.000338
  21   0.004712   0.000357
