-7.305641695853285489e-01
-7.162570278159913206e-01
-7.019498860466542034e-01
-6.876427442773169751e-01
-6.733356025079798579e-01
-6.590284607386426297e-01
-6.447213189693054014e-01
-6.304141771999682842e-01
-6.161070354306310559e-01
-6.017998936612938277e-01
-5.874927518919567104e-01
-5.731856101226194822e-01
-5.588784683532823649e-01
-5.445713265839451367e-01
-5.302641848146079084e-01
-5.159570430452707912e-01
-5.016499012759335629e-01
-4.873427595065964457e-01
-4.730356177372592175e-01
-4.587284759679220447e-01
-4.444213341985848720e-01
-4.301141924292476437e-01
-4.158070506599104710e-01
-4.014999088905732982e-01
-3.871927671212361255e-01
-3.728856253518989528e-01
-3.585784835825617245e-01
-3.442713418132245518e-01
-3.299642000438873790e-01
-3.156570582745502063e-01
-3.013499165052129780e-01
-2.870427747358758053e-01
-2.727356329665386325e-01
-2.584284911972014598e-01
-2.441213494278642870e-01
-2.298142076585271143e-01
-2.155070658891898860e-01
-2.011999241198526578e-01
-1.868927823505155406e-01
-1.725856405811783123e-01
-1.582784988118411951e-01
-1.439713570425039668e-01
-1.296642152731667386e-01
-1.153570735038296213e-01
-1.010499317344923931e-01
-8.674278996515527584e-02
-7.243564819581804759e-02
-5.812850642648081934e-02
-4.382136465714370210e-02
-2.951422288780647385e-02
-1.520708111846935662e-02
-8.999393491321283634e-04
1.340720242020509989e-02
2.771434418954221712e-02
4.202148595887944538e-02
5.632862772821667363e-02
7.063576949755379086e-02
8.494291126689101912e-02
9.925005303622813635e-02
1.135571948055653646e-01
1.278643365749025929e-01
1.421714783442397101e-01
1.564786201135769383e-01
1.707857618829140556e-01
1.850929036522512838e-01
1.994000454215885121e-01
2.137071871909256293e-01
2.280143289602628576e-01
2.423214707295999748e-01
2.566286124989372031e-01
2.709357542682743203e-01
2.852428960376115485e-01
2.995500378069487768e-01
3.138571795762860051e-01
3.281643213456232333e-01
3.424714631149602395e-01
3.567786048842974678e-01
3.710857466536346960e-01
3.853928884229719243e-01
3.997000301923091525e-01
4.140071719616461587e-01
4.283143137309833870e-01
4.426214555003206153e-01
4.569285972696578435e-01
4.712357390389950718e-01
4.855428808083320780e-01
4.998500225776693062e-01
5.141571643470065345e-01
5.284643061163437627e-01
5.427714478856809910e-01
5.570785896550179972e-01
5.713857314243552254e-01
5.856928731936924537e-01
6.000000149630296820e-01
6.143071567323669102e-01
6.286142985017039164e-01
6.429214402710411447e-01
6.572285820403783729e-01
6.715357238097156012e-01
6.858428655790528294e-01
