# POSITION WT A C G T
  0  G   5530297.000000   2383018.000000 104903399.000000   3057924.000000
  1  C   6654857.000000 101505195.000000   5417549.000000   2297037.000000
  2  A 105507431.000000   2344190.000000   4109246.000000   3913771.000000
  3  C   4987036.000000 102639936.000000   3434417.000000   4813249.000000
  4  C   4412502.000000 101203361.000000   6136748.000000   4122027.000000
  5  A 106047654.000000   3054565.000000   2898220.000000   3874199.000000
  6  G   4474272.000000   3460042.000000 103799149.000000   4141175.000000
  7  A 108047164.000000   1594228.000000   2890726.000000   3342520.000000
  8  C   5005318.000000 102313469.000000   4104543.000000   4451308.000000
  9  A 104985525.000000   3207162.000000   3797662.000000   3884289.000000
 10  G   5754979.000000   6717543.000000  96116126.000000   7285990.000000
 11  T   4145688.000000   3521580.000000   3697254.000000 104510116.000000
 12  G   4654992.000000   4084817.000000 101626044.000000   5508785.000000
 13  A 108354836.000000   1669464.000000   2918379.000000   2931959.000000
 14  C   2021055.000000 107655215.000000   3202603.000000   2995765.000000
 15  G   3945162.000000   3018605.000000 106374796.000000   2536075.000000
 16  T   3708391.000000   2246277.000000   2625958.000000 107294012.000000
 17  C   4517119.000000 104174828.000000   3214901.000000   3967790.000000
 18  A 106591870.000000   2943214.000000   3169911.000000   3169643.000000
 19  G   5928989.000000   4137046.000000 100738137.000000   5070466.000000
 20  C   5090255.000000 100982972.000000   3772425.000000   6028986.000000
 21  T   3984250.000000   3727266.000000   2015788.000000 106147334.000000
 22  G   5709641.000000   5071008.000000 100266970.000000   4827019.000000
 23  C   7111851.000000  97270975.000000   5527452.000000   5964360.000000
 24  C   6476391.000000  98993626.000000   4874078.000000   5530543.000000
 25  A 101627839.000000   4179750.000000   4845884.000000   5221165.000000
 26  G   6332243.000000   5235914.000000  98182557.000000   6123924.000000
 27  A 106200788.000000   3310126.000000   3016527.000000   3347197.000000
 28  T   3581683.000000   3477626.000000   3411906.000000 105403423.000000
 29  C   4156332.000000 103451999.000000   3386068.000000   4880239.000000
 30  C   5122674.000000 103411314.000000   3225800.000000   4114850.000000
 31  C   3946031.000000 104477272.000000   3243595.000000   4207740.000000
 32  A 106425958.000000   2760443.000000   2769978.000000   3918259.000000
 33  T   3499044.000000   3069270.000000   2850645.000000 106455679.000000
 34  G   4490793.000000   3766533.000000 101894168.000000   5723144.000000
 35  G   5797297.000000   4238937.000000 101514635.000000   4323769.000000
 36  C   5997236.000000 100733732.000000   4531905.000000   4611765.000000
 37  C   3628487.000000 105956271.000000   2781033.000000   3508847.000000
 38  G   3190150.000000   2836926.000000 106932138.000000   2915424.000000
 39  T   2734465.000000   2498457.000000   2544742.000000 108096974.000000
 40  C   3488002.000000 106703826.000000   2593211.000000   3089599.000000
 41  A 108028979.000000   2743183.000000   2460313.000000   2642163.000000
 42  T   3096177.000000   3419511.000000   3698122.000000 105660828.000000
 43  A 104618148.000000   3739400.000000   3571556.000000   3945534.000000
 44  C   3998760.000000 103714346.000000   3736978.000000   4424554.000000
 45  T   4605433.000000   3669435.000000   4481037.000000 103118733.000000
 46  G   3612522.000000   4556268.000000 103463459.000000   4242389.000000
 47  T   2564380.000000   2501857.000000   2421012.000000 108387389.000000
 48  G   2568946.000000   2409887.000000 107459230.000000   3436575.000000
 49  A 109576507.000000   1763899.000000   2281497.000000   2252735.000000
 50  C   2046357.000000 109148863.000000   2194809.000000   2484609.000000
 51  G   2185702.000000   2207106.000000 109491134.000000   1990696.000000
 52  T   3066230.000000   3121253.000000   2438710.000000 107248445.000000
 53  C   4230944.000000 104727937.000000   3386661.000000   3529096.000000
 54  T   3329774.000000   2935617.000000   3252498.000000 106356749.000000
 55  T   3652516.000000   3334669.000000   3881821.000000 105005632.000000
 56  T   3210514.000000   2751885.000000   2781723.000000 107130516.000000
 57  C   4058996.000000 103427772.000000   4452620.000000   3935250.000000
 58  A 104688817.000000   3240540.000000   3657174.000000   4288107.000000
 59  G   4085911.000000   4479458.000000 102924406.000000   4384863.000000
 60  A 105163103.000000   3546086.000000   3158585.000000   4006864.000000
 61  C   4539970.000000 103349538.000000   3733750.000000   4251380.000000
 62  A 103953537.000000   3379721.000000   4419534.000000   4121846.000000
 63  C   4664757.000000 101425775.000000   4637321.000000   5146785.000000
 64  C   4691119.000000 101586352.000000   5118681.000000   4478486.000000
 65  C   4283533.000000 103409163.000000   4442078.000000   3739864.000000
 66  C   4341240.000000 102625276.000000   4556622.000000   4351500.000000
 67  A 106909621.000000   2544100.000000   3191779.000000   3229138.000000
 68  T   2826285.000000   3187921.000000   2455181.000000 107405251.000000
 69  T   2172255.000000   2128135.000000   1868179.000000 109706069.000000
 70  G   1946264.000000   1910927.000000 108605092.000000   3412355.000000
 71  A 110363665.000000   1558071.000000   2091132.000000   1861770.000000
 72  C   1387465.000000 111232510.000000   1548651.000000   1706012.000000
 73  G   1789640.000000   1604636.000000 110859655.000000   1620707.000000
 74  T   2001389.000000   1850026.000000   1655411.000000 110367812.000000
 75  C   3118239.000000 108259011.000000   2174819.000000   2322569.000000
 76  A 109358527.000000   2149557.000000   2134615.000000   2231939.000000
 77  A 107198821.000000   2458110.000000   3417825.000000   2799882.000000
 78  T   2621916.000000   2772700.000000   2489574.000000 107990448.000000
 79  G   3893208.000000   3556425.000000 104512430.000000   3912575.000000
 80  G   3809764.000000   3635805.000000 104543359.000000   3885710.000000
 81  G   4025084.000000   3816857.000000 104062775.000000   3969922.000000
 82  A 104509712.000000   3559487.000000   3951588.000000   3853851.000000
 83  G   4736487.000000   3872861.000000 103175312.000000   4089978.000000
 84  A 101613303.000000   4301399.000000   5318726.000000   4641210.000000
 85  A 107907490.000000   2216271.000000   2959275.000000   2791602.000000
 86  C   2160158.000000 105858431.000000   3282809.000000   4573240.000000