# POSITION WT A C G T
  0  G   5565994.000000   2638506.000000 104418226.000000   2958172.000000
  1  C   7005749.000000 100149962.000000   6201657.000000   2223530.000000
  2  A 106298623.000000   2181959.000000   2890073.000000   4210243.000000
  3  C   5829237.000000 100875673.000000   3861210.000000   5014778.000000
  4  C   5387553.000000 100480436.000000   4936939.000000   4775970.000000
  5  A 105199553.000000   3434007.000000   3294982.000000   3652356.000000
  6  G   5794601.000000   4137270.000000 100873453.000000   4775574.000000
  7  A 106893897.000000   1739182.000000   3396675.000000   3551144.000000
  8  C   6191729.000000  98247427.000000   5458654.000000   5683088.000000
  9  A 103345437.000000   3755289.000000   3813691.000000   4666481.000000
 10  G   5894091.000000   5360880.000000  98400733.000000   5925194.000000
 11  T   5468369.000000   4168326.000000   4679410.000000 101264793.000000
 12  G   5581220.000000   4854037.000000  99777228.000000   5368413.000000
 13  A 105599706.000000   2483169.000000   3418737.000000   4079286.000000
 14  C   3288413.000000 103338681.000000   4423213.000000   4530591.000000
 15  G   5087157.000000   4432439.000000 101365774.000000   4695528.000000
 16  T   4818438.000000   2927212.000000   3821791.000000 104013457.000000
 17  C   4669300.000000 102496648.000000   3594129.000000   4820821.000000
 18  A 103915713.000000   3668720.000000   4066149.000000   3930316.000000
 19  G   6252923.000000   5040006.000000  98190182.000000   6097787.000000
 20  C   6606945.000000  98864940.000000   4307649.000000   5801364.000000
 21  T   3477478.000000   3549035.000000   1759852.000000 106794533.000000
 22  G   6044203.000000   5205867.000000  98635779.000000   5695049.000000
 23  C   6496576.000000  97502562.000000   5562108.000000   6019652.000000
 24  C   6299033.000000  98696300.000000   5098617.000000   5486948.000000
 25  A 102034849.000000   4224879.000000   4497219.000000   4823951.000000
 26  G   5706479.000000   4984334.000000  99419404.000000   5470681.000000
 27  A 106111349.000000   3293957.000000   3019140.000000   3156452.000000
 28  T   3802474.000000   3465940.000000   3617936.000000 104694548.000000
 29  C   4548534.000000 102779588.000000   3605171.000000   4647605.000000
 30  C   4468051.000000 103557256.000000   3277168.000000   4278423.000000
 31  C   4538234.000000 102980788.000000   3760687.000000   4301189.000000
 32  A 104741582.000000   3584651.000000   3041154.000000   4213511.000000
 33  T   3878359.000000   2905683.000000   3409752.000000 105387104.000000
 34  G   4572401.000000   3961923.000000 102363954.000000   4682620.000000
 35  G   4381410.000000   4009544.000000 102621515.000000   4568429.000000
 36  C   4648099.000000 102678965.000000   3968142.000000   4285692.000000
 37  C   4613212.000000 102857898.000000   3687780.000000   4422008.000000
 38  G   4341656.000000   3675377.000000 103272480.000000   4291385.000000
 39  T   3968303.000000   3731796.000000   3747575.000000 104133224.000000
 40  C   4259359.000000 103268044.000000   3601009.000000   4452486.000000
 41  A 104475801.000000   3558688.000000   3694129.000000   3852280.000000
 42  T   3878071.000000   3545876.000000   3624935.000000 104532016.000000
 43  A 104942396.000000   3373200.000000   3475923.000000   3789379.000000
 44  C   4285384.000000 103233172.000000   3769486.000000   4292856.000000
 45  T   4222957.000000   3585006.000000   3515409.000000 104257526.000000
 46  G   4242265.000000   4068245.000000 102987130.000000   4283258.000000
 47  T   3941425.000000   3435128.000000   3736122.000000 104468223.000000
 48  G   4187605.000000   3882603.000000 103326457.000000   4184233.000000
 49  A 105101470.000000   3256158.000000   3351228.000000   3872042.000000
 50  C   4128354.000000 103559009.000000   3717833.000000   4175702.000000
 51  G   4155734.000000   3649209.000000 103592758.000000   4183197.000000
 52  T   3963062.000000   3462305.000000   3402760.000000 104752771.000000
 53  C   4064820.000000 104131013.000000   3568469.000000   3816596.000000
 54  T   3979430.000000   3474900.000000   3598610.000000 104527958.000000
 55  T   3802171.000000   3746238.000000   3710794.000000 104321695.000000
 56  T   3976705.000000   3395116.000000   3605523.000000 104603554.000000
 57  C   4243026.000000 102877650.000000   4283954.000000   4176268.000000
 58  A 104631687.000000   3423565.000000   3664632.000000   3861014.000000
 59  G   4209339.000000   3479730.000000 103578163.000000   4313666.000000
 60  A 104510222.000000   3428674.000000   3680466.000000   3961536.000000
 61  C   4611427.000000 102513423.000000   4097013.000000   4359035.000000
 62  A 104748128.000000   3348428.000000   3597174.000000   3887168.000000
 63  C   4514688.000000 102513317.000000   4000365.000000   4552528.000000
 64  C   4413224.000000 103070724.000000   3956020.000000   4140930.000000
 65  C   4061257.000000 103097518.000000   4188374.000000   4233749.000000
 66  C   3857588.000000 103527511.000000   3974043.000000   4221756.000000
 67  A 104287292.000000   3528841.000000   3843498.000000   3921267.000000
 68  T   3853711.000000   3256281.000000   3385087.000000 105085819.000000
 69  T   3762573.000000   3454086.000000   3356309.000000 105007930.000000
 70  G   3838221.000000   3426900.000000 104286863.000000   4028914.000000
 71  A 104421344.000000   3563008.000000   3693635.000000   3902911.000000
 72  C   3978905.000000 103535849.000000   3805489.000000   4260655.000000
 73  G   4012853.000000   3889241.000000 103344708.000000   4334096.000000
 74  T   3697418.000000   3405562.000000   3776785.000000 104701133.000000
 75  C   3918746.000000 103476053.000000   3924371.000000   4261728.000000
 76  A 103929872.000000   3848637.000000   3757212.000000   4045177.000000
 77  A 104176625.000000   3892511.000000   3625271.000000   3886491.000000
 78  T   3593849.000000   3714456.000000   3675255.000000 104597338.000000
 79  G   4153521.000000   3800079.000000 103526310.000000   4100988.000000
 80  G   3996645.000000   3899149.000000 103429613.000000   4255491.000000
 81  G   4293595.000000   4035278.000000 102913294.000000   4338731.000000
 82  A 104487512.000000   3395797.000000   3850495.000000   3847094.000000
 83  G   4532116.000000   3626038.000000 103514281.000000   3908463.000000
 84  A 102988095.000000   4072186.000000   4095169.000000   4425448.000000
 85  A 107572427.000000   2254082.000000   2897449.000000   2856940.000000
 86  C   2091597.000000 105526265.000000   3438509.000000   4524527.000000