        Training/Test    full-wt     crp-wt     full-0   full-150   full-500
     full-wt_Neighbor   0.130294   0.573243   0.000694   0.104645   0.187711
  full-wt_Neighbor_LS   0.129148   0.561980   0.000455   0.105876   0.183774
           full-wt_MI   0.131931   0.618865   0.000654   0.107838   0.190535
           full-wt_LS   0.114094   0.513018   0.000872   0.098724   0.165769
          full-wt_BVH   0.125825   0.578947   0.000736   0.104175   0.184137
          full-wt_dms   0.127420   0.610658   0.000746   0.105329   0.189045
      crp-wt_neighbor   0.133523   0.679135   0.000826   0.110912   0.196069
   crp-wt_neighbor_LS   0.127475   0.634284   0.000654   0.110251   0.190200
            crp-wt_MI   0.131593   0.636963   0.000974   0.108610   0.193340
            crp-wt_LS   0.114622   0.534803   0.000878   0.100904   0.170494
           crp-wt_BVH   0.127420   0.610688   0.000749   0.105320   0.189055
           crp-wt_dms   0.127420   0.610658   0.000746   0.105329   0.189045
      full-0_neighbor   0.009733   0.005152   0.012043   0.005607   0.010904
   full-0_neighbor_LS   0.012376   0.017597   0.015975   0.009045   0.013917
            full-0_MI   0.012294   0.015829   0.011214   0.004516   0.015953
            full-0_LS   0.013436   0.015282   0.008220   0.011787   0.017459
           full-0_BVH   0.013898   0.017144   0.008131   0.011343   0.018284
           full-0_dms   0.031195   0.124662   0.004569   0.050012   0.048157
    full-150_neighbor   0.120730   0.540010   0.001093   0.110290   0.180271
 full-150_neighbor_LS   0.093394   0.368671   0.001497   0.104689   0.144099
          full-150_MI   0.122680   0.571648   0.000930   0.110755   0.183711
          full-150_LS   0.088216   0.368375   0.001400   0.090674   0.135556
         full-150_BVH   0.097571   0.420854   0.001093   0.096637   0.148940
         full-150_dms   0.097404   0.420986   0.001110   0.096722   0.148702
    full-500_neighbor   0.123369   0.560995   0.000782   0.104095   0.190574
 full-500_neighbor_LS   0.116167   0.518441   0.000744   0.104604   0.191214
          full-500_MI   0.126366   0.594710   0.000893   0.106442   0.193462
          full-500_LS   0.107862   0.501883   0.000870   0.099590   0.167694
         full-500_BVH   0.122755   0.585267   0.000672   0.106444   0.188085
         full-500_dms   0.122537   0.585318   0.000700   0.106466   0.187697