       pos      val_A      val_C      val_G      val_T
         3   0.081061  -0.077876  -0.055567   0.052382
         4   0.065856  -0.079143  -0.083999   0.097286
         5   0.018438  -0.037912  -0.018308   0.037782
         6  -0.077725   0.035675  -0.132466   0.174516
         7  -0.056810  -0.166012   0.239612  -0.016790
         8  -0.011834  -0.050238  -0.102006   0.164078
         9  -0.125900  -0.164615   0.317675  -0.027159
        10   0.181893   0.010034  -0.075438  -0.116489
        11  -0.078630   0.058318  -0.021953   0.042265
        12  -0.027523   0.064923   0.000303  -0.037703
        13  -0.036098   0.008184  -0.023542   0.051456
        14   0.044576  -0.021965   0.008914  -0.031525
        15  -0.037771   0.005652   0.055894  -0.023775
        16   0.091577  -0.034262   0.008178  -0.065492
        17  -0.121007  -0.081024   0.008402   0.193630
        18  -0.003120   0.335484  -0.251159  -0.081206
        19   0.164471  -0.106032  -0.053805  -0.004635
        20   0.058273   0.195136  -0.199955  -0.053454
        21   0.228483  -0.152360   0.046136  -0.122260
        22   0.064403  -0.062201  -0.023915   0.021712
        23   0.022942  -0.052256  -0.121369   0.150683
        24   0.041408  -0.041828  -0.075171   0.075590
