       pos     val_AA     val_AC     val_AG     val_AT     val_CA     val_CC     val_CG     val_CT     val_GA     val_GC     val_GG     val_GT     val_TA     val_TC     val_TG     val_TT
         3   0.108731   0.001015   0.005672  -0.009111  -0.048601  -0.016274  -0.049942  -0.043859  -0.019630  -0.025026  -0.026124  -0.060696   0.069269   0.018962   0.000997   0.094616
         4   0.038972  -0.000390   0.028234  -0.040740  -0.029840   0.004209  -0.016337  -0.063048  -0.017226  -0.037782  -0.023557  -0.074524   0.048193   0.060074   0.050069   0.073693
         5  -0.020493   0.003785  -0.032206  -0.033147  -0.060852   0.004270   0.005399  -0.044866  -0.017102   0.009279  -0.023757  -0.052171   0.075081   0.045165   0.098464   0.043153
         6  -0.036134  -0.033939  -0.038033  -0.034075  -0.015532  -0.024873   0.007120  -0.023031   0.011155  -0.008729  -0.075710   0.002369   0.054206   0.027777   0.173981   0.013449
         7   0.005486  -0.007464  -0.011693  -0.062904  -0.032292  -0.010733  -0.005127  -0.081882  -0.016651  -0.020981  -0.049572   0.064292   0.049380   0.048350   0.140912  -0.009119
         8   0.016486  -0.019018  -0.022173   0.007622  -0.017527  -0.006339  -0.027625   0.037655   0.027592   0.022960  -0.056695   0.057656  -0.051399  -0.055367   0.101043  -0.014870
         9  -0.011235  -0.008569   0.028898   0.013627  -0.014004  -0.031179   0.025902   0.009088   0.162077  -0.008218  -0.060840  -0.050899  -0.016785  -0.056451   0.021566  -0.002978
        10  -0.024645   0.088381  -0.002410   0.078964  -0.005032  -0.077779   0.013002  -0.014372   0.065923  -0.017411  -0.008445  -0.004305  -0.030014  -0.039515  -0.024424   0.002081
        11  -0.009347   0.013904   0.032372  -0.031912   0.004717  -0.047571  -0.003935  -0.000751  -0.015259   0.004346  -0.003334  -0.009246   0.009954   0.090325  -0.036039   0.001777
        12   0.018794   0.024883  -0.050331   0.017158  -0.023560   0.031664  -0.009063   0.082401   0.029864  -0.044832  -0.000700   0.025170  -0.057990  -0.020958  -0.029387   0.006887
        13   0.008441   0.003950  -0.003482  -0.009300   0.022675  -0.005828  -0.018829   0.025240  -0.007453  -0.046506  -0.030593   0.027571   0.018445  -0.002541   0.003200   0.015012
        14   0.001440   0.020820   0.046211  -0.003026   0.002727  -0.011357   0.016362  -0.035321  -0.015679  -0.006965   0.028858  -0.032580  -0.013699  -0.010708  -0.007929   0.020846
        15  -0.013772  -0.012972   0.014037  -0.036173  -0.040446  -0.018585   0.016034   0.011119   0.060989   0.008289  -0.001759  -0.007685  -0.017153   0.004086   0.019061   0.014929
        16  -0.081633  -0.011245  -0.050353   0.126556  -0.020163  -0.025295  -0.003696   0.023678  -0.002552   0.007242  -0.042434   0.078824   0.000445   0.010690  -0.023420   0.013356
        17  -0.023965  -0.078467  -0.035135   0.105412  -0.003050  -0.080038  -0.014452   0.150681  -0.026018  -0.028750  -0.010461   0.017073  -0.035570   0.100126  -0.068680   0.031293
        18  -0.047649   0.036765  -0.042710  -0.012447   0.105621  -0.058803  -0.098040  -0.013345  -0.066110  -0.014464  -0.043151   0.017560  -0.124740  -0.005889   0.330470   0.036933
        19  -0.032062   0.112570  -0.111227  -0.122412   0.019582  -0.005441  -0.015685  -0.061099   0.124383   0.080481  -0.024941  -0.053605  -0.005506   0.017147   0.045946   0.031870
        20   0.046724   0.006526  -0.054632  -0.013131   0.172879  -0.115239   0.062883  -0.036675  -0.019502  -0.062616  -0.088356  -0.056342   0.070526   0.009727   0.075585   0.001643
        21   0.060941   0.052586   0.044689   0.169168  -0.007412  -0.078301  -0.105920   0.086790  -0.008931  -0.034091  -0.006958   0.102217  -0.073702  -0.117744  -0.099164   0.015833
        22   0.082397  -0.006468  -0.014279   0.106155  -0.027447  -0.025093  -0.043559   0.115459  -0.003044  -0.063217  -0.018722   0.114539  -0.070146  -0.078705  -0.132929   0.065060
        23   0.082131   0.003053  -0.030570   0.085732  -0.017073  -0.001543  -0.014939   0.018657   0.000422   0.011505  -0.050757  -0.012072  -0.008876  -0.055303  -0.115075   0.104706