       pos     val_AA     val_AC     val_AG     val_AT     val_CA     val_CC     val_CG     val_CT     val_GA     val_GC     val_GG     val_GT     val_TA     val_TC     val_TG     val_TT
         3   0.087031  -0.016300   0.001731   0.041107  -0.043000  -0.012991  -0.059406  -0.026071  -0.019706  -0.028070  -0.028377  -0.028621   0.057767   0.004910  -0.019811   0.093794
         4   0.054798   0.050958   0.048738   0.060829  -0.009352   0.057329   0.016831   0.037743   0.013859   0.041530   0.016479   0.042695   0.036427   0.088410   0.041495   0.104335
         5   0.029170   0.032545   0.006726   0.068730   0.019425  -0.018340  -0.021137   0.020851   0.049188  -0.004782  -0.031582   0.047915   0.028839   0.006591   0.016290   0.066739
         6  -0.033784   0.012797   0.016279   0.029832   0.022701   0.025063   0.105185   0.007716   0.026148  -0.017197   0.007439   0.003969   0.036949   0.025844   0.169213   0.056970
         7  -0.004901  -0.035891   0.027846   0.035667  -0.013649  -0.002933   0.020087  -0.038241   0.051605   0.027301   0.018964   0.127378   0.085540   0.026388  -0.002718   0.045193
         8  -0.090140  -0.030529  -0.018432   0.013806   0.005153  -0.060850  -0.018241  -0.048093  -0.064114  -0.081898  -0.041125  -0.058870  -0.109942  -0.102882   0.042709  -0.027719
         9  -0.009979  -0.048547  -0.024872  -0.032570  -0.047699  -0.107191   0.018386  -0.010107   0.171316   0.023923  -0.003764  -0.021813  -0.010440  -0.079851  -0.038733  -0.095053
        10  -0.007553   0.082326   0.038651   0.073169   0.013291  -0.023997   0.077179   0.023030   0.037697   0.028195   0.032906  -0.034098  -0.003019   0.001166   0.025706   0.008536
        11   0.008305   0.008090   0.016487  -0.012673   0.014694  -0.041161  -0.002347   0.008261  -0.012753  -0.010070  -0.029999  -0.014508   0.017777   0.050861  -0.020471   0.000847
        12  -0.023695   0.025929  -0.034167   0.000136   0.021595   0.060203   0.006756   0.064335   0.028053   0.031957   0.009885   0.034039  -0.045124  -0.002166  -0.030951  -0.002374
        13   0.029817   0.046838   0.013662   0.013982   0.023282   0.033152   0.003206  -0.016483   0.027570   0.042376   0.021568   0.017872   0.049796   0.066280   0.050539   0.031870
        14   0.000975   0.042902   0.042360   0.008723  -0.056540  -0.024132  -0.021091  -0.049413  -0.046041   0.004954   0.020936  -0.022964  -0.014375   0.023171   0.006567  -0.033294
        15  -0.019284   0.016007   0.005966   0.006242  -0.032952   0.003597  -0.010726   0.031597   0.052102   0.041099  -0.020242   0.046977  -0.022623   0.024488   0.002608  -0.002898
        16  -0.041222  -0.072738  -0.056137   0.093222  -0.039005  -0.030587  -0.022663   0.000209   0.012334   0.034213  -0.054553   0.087212  -0.007618  -0.043313  -0.075944  -0.025850
        17  -0.110815  -0.081004  -0.057942   0.006747  -0.056243  -0.057797   0.000001  -0.004314  -0.045874   0.011239   0.004828  -0.041013   0.003915   0.100751  -0.128845   0.026670
        18   0.012737  -0.023019  -0.001121   0.026957   0.167543   0.024961   0.008642   0.113693  -0.075521   0.013872   0.016650  -0.022492  -0.077485   0.050738   0.287949   0.009053
        19  -0.028606   0.096852  -0.118546  -0.004103  -0.003267   0.030385   0.029895  -0.006098   0.028493   0.085887  -0.002976   0.025374  -0.002648   0.012358  -0.064179  -0.006423
        20   0.117426   0.064322   0.068232   0.071486   0.198184  -0.009389   0.109538   0.043198   0.046824   0.014786   0.028854  -0.017495   0.064570  -0.010280   0.033790  -0.034838
        21   0.053879   0.010267   0.031751   0.049802  -0.006033  -0.068818  -0.041328  -0.008837   0.022290  -0.036236   0.019243   0.016666  -0.023738  -0.096640  -0.059449  -0.043468
        22   0.103913   0.019177   0.049586   0.078305   0.068324   0.056887   0.054397   0.124690   0.069451   0.002784   0.039081   0.089118   0.082624   0.065103   0.049173   0.110313
        23   0.001789  -0.076648  -0.087962   0.014144  -0.075524  -0.069612  -0.078053  -0.018303  -0.072447  -0.096385  -0.092158  -0.074612  -0.032140  -0.018432  -0.095508   0.071244
