       pos      val_A      val_C      val_G      val_T
         3   0.103803  -0.104668  -0.072480   0.073345
         4   0.062159  -0.099580  -0.121244   0.158664
         5   0.006188  -0.053400  -0.030955   0.078167
         6  -0.074677   0.009628  -0.107602   0.172651
         7  -0.083652  -0.149274   0.208928   0.023998
         8  -0.037651  -0.051610  -0.080395   0.169657
         9  -0.100061  -0.124933   0.239762  -0.014768
        10   0.177534  -0.042911  -0.075163  -0.059461
        11  -0.094477   0.043852  -0.066206   0.116832
        12  -0.025258   0.071654  -0.007309  -0.039087
        13  -0.033995   0.011888  -0.039405   0.061511
        14   0.033166  -0.037318  -0.010880   0.015032
        15  -0.045624  -0.026096   0.041056   0.030664
        16   0.110081  -0.068483   0.001824  -0.043422
        17  -0.091300  -0.060921  -0.039453   0.191674
        18  -0.096352   0.207406  -0.169286   0.058232
        19   0.121778  -0.115692  -0.014329   0.008244
        20   0.024065   0.166052  -0.162870  -0.027246
        21   0.322860  -0.191657   0.053456  -0.184659
        22   0.092171  -0.104254  -0.065132   0.077214
        23   0.010925  -0.095536  -0.166799   0.251409
        24   0.057896  -0.040913  -0.100499   0.083516
