       pos      val_A      val_C      val_G      val_T
         3   0.090523  -0.112193  -0.061974   0.083644
         4   0.077118  -0.125363  -0.063089   0.111334
         5   0.019305  -0.036554  -0.000810   0.018060
         6  -0.203477   0.072544  -0.112180   0.243113
         7  -0.059541  -0.201281   0.219803   0.041019
         8   0.011203  -0.016792  -0.164902   0.170491
         9  -0.110814  -0.098232   0.270507  -0.061461
        10   0.147463   0.014528  -0.067609  -0.094382
        11  -0.123497   0.089713  -0.009828   0.043612
        12  -0.010995   0.065236  -0.021423  -0.032819
        13  -0.021092   0.037139  -0.079358   0.063311
        14   0.051328  -0.034261   0.015989  -0.033057
        15   0.007968  -0.028996   0.041978  -0.020949
        16   0.162346  -0.042001  -0.039461  -0.080883
        17  -0.136526  -0.056391  -0.000574   0.193491
        18  -0.020499   0.235014  -0.152588  -0.061927
        19   0.160945  -0.058411  -0.147591   0.045058
        20  -0.003741   0.205238  -0.175347  -0.026151
        21   0.239064  -0.167980   0.052252  -0.123336
        22   0.071548  -0.070860  -0.005090   0.004402
        23   0.006033  -0.039150  -0.129776   0.162893
        24   0.000377   0.037718  -0.081283   0.043189
