       pos      val_A      val_C      val_G      val_T
         3   0.807594  -0.104253  -1.720632   1.017291
         4   0.224607   0.519200  -1.160781   0.416975
         5   0.388064  -0.537942  -0.297401   0.447280
         6   0.185292  -0.044637  -0.917755   0.777099
         7   0.237900   0.690067  -0.696284  -0.231682
         8  -0.353538   0.868072  -0.046336  -0.468198
         9   0.942039  -0.025378   0.081893  -0.998555
        10   0.855453   0.563871  -0.542010  -0.877314
        11   2.051487  -0.432561  -1.401923  -0.217004
        12   1.587397  -1.661384  -0.562642   0.636630
        13   1.529913  -0.843277  -1.385807   0.699171
        14   0.244341   0.143418   0.783947  -1.171706
        15   1.348437  -2.340445  -0.626326   1.618334
        16   0.839891  -0.125854  -0.890490   0.176452
        17   1.074106   0.186319  -1.295931   0.035506
        18  -0.361307  -1.729225  -0.452317   2.542848
        19   0.060735  -0.512651   2.187334  -1.735418
        20   0.114224   0.489664  -0.525340  -0.078548
        21   1.353182  -0.308427   0.159195  -1.203949
        22   1.244027   0.400969  -1.107169  -0.537827
        23   1.486312  -1.390285  -0.525558   0.429531
        24  -0.852172   2.532347  -0.462199  -1.217976