       pos     val_AA     val_AC     val_AG     val_AT     val_CA     val_CC     val_CG     val_CT     val_GA     val_GC     val_GG     val_GT     val_TA     val_TC     val_TG     val_TT
         3   0.063180   0.042753   0.019441  -0.069143  -0.067156  -0.024644  -0.070347   0.000059  -0.055229   0.045673  -0.039374  -0.006786   0.051763  -0.048107  -0.037333   0.071273
         4  -0.022901  -0.034039  -0.045019  -0.020726  -0.035724  -0.028487   0.010172   0.008362  -0.053991   0.052140   0.027585  -0.053199  -0.028704  -0.066299   0.004104   0.006084
         5  -0.062495  -0.013634  -0.020988   0.026116  -0.027682  -0.029569  -0.007025  -0.016911  -0.061119  -0.017012   0.093592   0.007822   0.001979  -0.070882  -0.092355   0.026574
         6  -0.036551  -0.016630   0.013768   0.058661  -0.027330   0.011630   0.042800   0.009883   0.080668   0.020328   0.005847   0.060467  -0.083745  -0.013099   0.128391  -0.045630
         7  -0.006701  -0.005318   0.035460   0.017232   0.038360   0.029975   0.089951  -0.013348   0.050883   0.008229   0.039238   0.089033   0.023779   0.006901   0.064529   0.069785
         8  -0.051357  -0.026562   0.048112   0.036102  -0.084682  -0.002813  -0.015830  -0.033754   0.097159   0.005698  -0.062871   0.016524   0.026767  -0.037831   0.106275  -0.024623
         9  -0.063961   0.028679   0.012523  -0.020933   0.031490   0.022855   0.035394   0.037734   0.175466   0.090586   0.031671   0.005149   0.056791   0.045049   0.059329   0.023307
        10   0.063175   0.089658   0.030133   0.091005   0.052163   0.023291   0.027219   0.026250   0.038727   0.020972  -0.026996   0.039685  -0.003306   0.086813  -0.033476   0.020276
        11  -0.037261  -0.000290  -0.090294  -0.087609  -0.046284   0.014666   0.020214  -0.056357  -0.050930  -0.013557  -0.047314  -0.036638  -0.091366  -0.079029  -0.003176  -0.050465
        12   0.096971   0.036668  -0.082132  -0.008697   0.005335   0.064492  -0.013901   0.020886   0.000752   0.007616   0.042855  -0.005011  -0.081106  -0.001435  -0.009509  -0.028638
        13   0.003609   0.024012  -0.035252   0.020279   0.002347   0.035945   0.010966   0.024255  -0.016276  -0.000513   0.017540   0.016448   0.032137  -0.023907   0.061677   0.007338
        14   0.122944   0.063381   0.102401   0.002470   0.036482   0.058677   0.091597   0.011227   0.063160   0.147833   0.046016   0.035096   0.074127   0.021439   0.060293   0.007274
        15   0.050945  -0.072669   0.055258  -0.033637   0.036478   0.034616  -0.011523   0.034282   0.019552   0.029511   0.011663   0.001435   0.009168   0.067977   0.060638  -0.013801
        16   0.098450   0.136618   0.012723   0.154649   0.005587   0.100928   0.001850   0.060209   0.028569   0.015791   0.115657   0.091749   0.059213   0.019889   0.053626   0.070120
        17  -0.004452  -0.054765  -0.036577  -0.014883  -0.029527  -0.139216  -0.014307  -0.044295  -0.048127  -0.051454   0.014999  -0.077020  -0.028688   0.047197  -0.117938  -0.059671
        18  -0.052550   0.007467  -0.011685  -0.033796   0.102359  -0.012074  -0.034648  -0.022566  -0.023590  -0.017306  -0.020969  -0.053171  -0.028465  -0.118494  -0.018010   0.039071
        19   0.038760   0.089091  -0.097383  -0.000227   0.078353  -0.045835   0.008298   0.065776   0.063202   0.068370  -0.013863   0.033573   0.020760   0.073218   0.047982  -0.005875
        20   0.099860   0.019407   0.048903   0.040875   0.174325   0.067747   0.168351   0.087665   0.113968   0.071584   0.030188   0.084262   0.027790   0.035369   0.017399   0.053248
        21   0.044498   0.110245  -0.026524   0.021686   0.009198  -0.036850   0.006109   0.094734   0.079865   0.019460   0.060941  -0.023651   0.021178  -0.024639  -0.005859  -0.044804
        22   0.032923   0.022734  -0.023802   0.088402   0.001291   0.042105  -0.022354   0.069519   0.008244   0.077992   0.033827   0.024694   0.061409   0.013284   0.055236   0.081835
        23   0.026986  -0.038250  -0.046819   0.058160   0.048832  -0.053349   0.033004  -0.024556   0.004371  -0.110232  -0.068123  -0.021492   0.079868  -0.036039  -0.000847   0.087139