       pos     val_AA     val_AC     val_AG     val_AT     val_CA     val_CC     val_CG     val_CT     val_GA     val_GC     val_GG     val_GT     val_TA     val_TC     val_TG     val_TT
         3   0.061279  -0.023818   0.016699   0.001792  -0.046253  -0.021747  -0.019054  -0.038404  -0.032697   0.076735  -0.011597  -0.035178   0.039828  -0.028276  -0.009514   0.070205
         4   0.021949  -0.011571   0.019723  -0.042516   0.017167  -0.045366   0.025883  -0.029361   0.001691   0.002076  -0.023035  -0.038768   0.000719   0.055881  -0.016036   0.061563
         5  -0.016298  -0.018412  -0.002781  -0.030477  -0.023368  -0.071548   0.032765  -0.046324  -0.144058   0.045047   0.031857  -0.035806   0.100105   0.141574   0.003535   0.034189
         6   0.001140  -0.029711   0.005579  -0.116460  -0.087134   0.072855   0.012142   0.042963   0.126178  -0.066170  -0.039632  -0.010832  -0.021153   0.008519   0.081485   0.020231
         7  -0.066490  -0.003516  -0.040351   0.004362  -0.105762  -0.021616   0.018765  -0.030919  -0.028047  -0.000200  -0.028477  -0.008729   0.155522   0.075085   0.091400  -0.011026
         8   0.113912  -0.133494  -0.017049  -0.028759   0.018126   0.011309  -0.039759   0.039465   0.024944   0.019040  -0.072028   0.048769  -0.012480   0.019387   0.024796  -0.016179
         9  -0.015347   0.091192   0.105998   0.003090  -0.036038   0.032860  -0.008291  -0.031858   0.062898  -0.032311  -0.021729  -0.072465   0.004681  -0.101611   0.025002  -0.006071
        10  -0.024178   0.026807  -0.036454   0.013883  -0.118540  -0.000060   0.005235   0.067359   0.033169   0.102572  -0.034304  -0.036592   0.113874  -0.101643   0.003978  -0.015105
        11   0.114172  -0.092145   0.063382  -0.021200   0.080160   0.023190  -0.006378  -0.009411  -0.028777   0.045701  -0.016201  -0.002383  -0.038269  -0.023972  -0.087737  -0.000134
        12   0.055340   0.024756   0.021046   0.027601  -0.001449   0.029762  -0.086220   0.012139   0.033536  -0.067811  -0.034058   0.022856  -0.038675  -0.002876   0.003824   0.000230
        13   0.036409   0.012084  -0.038911   0.050542   0.016559  -0.067317   0.060781  -0.014819  -0.028303   0.047321  -0.028888  -0.074165   0.035452  -0.011052   0.001232   0.003074
        14   0.009681   0.021523   0.019260  -0.000160  -0.013613   0.003885   0.019737  -0.038785  -0.028923  -0.006630   0.054787  -0.034832   0.055697  -0.088457   0.026211   0.000621
        15  -0.000814  -0.007782  -0.017278  -0.001835  -0.137053  -0.016961  -0.024275   0.058061   0.047566   0.000830   0.015125   0.005924   0.072289   0.002787   0.015432  -0.012017
        16  -0.058325  -0.047310   0.008287   0.132709   0.019902   0.007534  -0.016102   0.020915  -0.076340   0.016164   0.075267   0.027287  -0.025814  -0.010734  -0.074765   0.001327
        17  -0.058518  -0.055943  -0.020473   0.055819   0.020940  -0.036540  -0.028703   0.071420   0.058845   0.013580  -0.034385   0.016110  -0.033502   0.040697  -0.026040   0.016692
        18  -0.003803   0.018508  -0.025777  -0.029109   0.023158  -0.019858  -0.027456  -0.041994   0.000302  -0.034688  -0.082218  -0.020943  -0.032862   0.092824   0.174210   0.009706
        19  -0.046626   0.070113  -0.064109  -0.042347   0.051202  -0.000034  -0.041636  -0.022510  -0.064977   0.054385   0.018206  -0.038619   0.045147   0.055776   0.033765  -0.007735
        20  -0.019720   0.050908  -0.132276   0.029215   0.180589  -0.111514   0.111874  -0.057329  -0.056289   0.030339  -0.070469  -0.013975   0.066281  -0.128050   0.142307  -0.021890
        21  -0.008240   0.048078   0.058729   0.122982   0.022451  -0.037844  -0.111541   0.019306   0.012062  -0.086535   0.034460   0.142137  -0.057117  -0.071477  -0.078235  -0.009218
        22   0.052509  -0.002281   0.010703   0.034821  -0.027602  -0.039112  -0.030657   0.076189   0.027880  -0.089157   0.024529   0.066757  -0.052101   0.047040  -0.121947   0.022431
        23   0.016807   0.048848  -0.006026   0.032431   0.030064   0.068465  -0.068326  -0.022341  -0.039437   0.154101  -0.111339  -0.029324  -0.031440   0.000870  -0.088629   0.045274