       pos      val_A      val_C      val_G      val_T
         3   0.034544  -0.028483   0.061425  -0.067485
         4   0.035517   0.023582   0.076492  -0.135590
         5  -0.039944   0.122336  -0.021884  -0.060508
         6   0.226390  -0.062399  -0.016888  -0.147103
         7   0.050899   0.044649   0.097854  -0.193402
         8   0.012395  -0.051052  -0.020114   0.058771
         9  -0.042605   0.063981   0.035743  -0.057119
        10  -0.071407   0.112164   0.018488  -0.059244
        11  -0.037674   0.100027   0.117588  -0.179942
        12  -0.144700   0.016131   0.126076   0.002493
        13  -0.164370   0.028229   0.160989  -0.024847
        14  -0.021294   0.019219   0.131598  -0.129524
        15  -0.117300   0.139776   0.172174  -0.194650
        16  -0.006738   0.065130   0.135190  -0.193582
        17  -0.135496   0.057668   0.128536  -0.050708
        18   0.077640   0.230609   0.007252  -0.315501
        19   0.118165  -0.027730  -0.129289   0.038854
        20   0.030884   0.055279  -0.001967  -0.084197
        21  -0.104333  -0.005532  -0.008673   0.118539
        22   0.096093  -0.199347   0.140314  -0.037060
        23  -0.098862   0.128816   0.026406  -0.056359
        24   0.112312  -0.190394   0.013743   0.064339
