       pos      val_A      val_C      val_G      val_T
         3   0.114932  -0.131677  -0.069379   0.086124
         4   0.044967  -0.111983  -0.112499   0.179514
         5   0.000321  -0.053290  -0.033261   0.086230
         6  -0.049745  -0.039118  -0.089740   0.178603
         7  -0.074007  -0.138488   0.192017   0.020478
         8  -0.021445  -0.042238  -0.100395   0.164078
         9  -0.090733  -0.136015   0.211996   0.014752
        10   0.159440   0.010134  -0.132039  -0.037535
        11  -0.111842   0.028149  -0.048808   0.132501
        12  -0.046644   0.104860   0.013796  -0.072011
        13  -0.097953   0.034979   0.004063   0.058911
        14   0.049004  -0.076766   0.007222   0.020540
        15  -0.067307  -0.020170   0.057605   0.029873
        16   0.122889  -0.078858  -0.019168  -0.024862
        17  -0.067273  -0.032194  -0.071608   0.171074
        18  -0.053601   0.186936  -0.167241   0.033906
        19   0.151382  -0.124496  -0.051708   0.024823
        20  -0.006448   0.151542  -0.145563   0.000469
        21   0.297973  -0.217759   0.088143  -0.168357
        22   0.111247  -0.101146  -0.077057   0.066956
        23   0.003632  -0.087041  -0.173741   0.257150
        24   0.015018  -0.021968  -0.085685   0.092634