       pos      val_A      val_C      val_G      val_T
         3   0.086439  -0.107631  -0.049093   0.070285
         4   0.061575  -0.049994  -0.120273   0.108692
         5   0.013404  -0.018402  -0.022115   0.027113
         6  -0.104743   0.001616  -0.071094   0.174220
         7  -0.110200  -0.081688   0.217648  -0.025760
         8  -0.010683  -0.045968  -0.092315   0.148967
         9  -0.084288  -0.195400   0.281397  -0.001709
        10   0.230741   0.117062  -0.254394  -0.093408
        11  -0.062851   0.022968  -0.018180   0.058063
        12  -0.028674   0.063333   0.004660  -0.039319
        13  -0.058813   0.012265   0.002037   0.044510
        14   0.044068  -0.027874   0.017320  -0.033514
        15  -0.044893  -0.001368   0.067742  -0.021482
        16   0.092466  -0.026386   0.000266  -0.066346
        17  -0.061054  -0.029606  -0.073098   0.163758
        18   0.035805   0.331013  -0.288241  -0.078577
        19   0.176007  -0.122389  -0.094724   0.041106
        20   0.046721   0.177828  -0.155572  -0.068977
        21   0.210662  -0.139717   0.037177  -0.108122
        22   0.057949  -0.045018  -0.011592  -0.001339
        23   0.014786  -0.031466  -0.113615   0.130295
        24   0.018428  -0.040965  -0.063227   0.085764