       pos      val_A      val_C      val_G      val_T
         3   1.179975  -1.160461  -0.839735   0.820221
         4   0.597306  -0.908724  -0.969447   1.280865
         5   0.209401  -0.927811   0.063551   0.654859
         6  -0.195409  -0.100864  -0.820255   1.116529
         7  -0.665900  -1.081817   1.135854   0.611863
         8   0.027162   0.046402  -1.149717   1.076153
         9  -0.346021  -0.787184   1.338152  -0.204947
        10   1.065146  -0.026507  -0.443343  -0.595296
        11  -0.423173   0.342798  -0.692888   0.773263
        12   0.100271   0.648352  -0.325331  -0.423292
        13  -0.000145   0.159983  -0.811054   0.651216
        14   0.283384  -0.706436   0.330669   0.092383
        15  -0.127805  -0.440003   0.353316   0.214492
        16   2.158596  -0.902334  -0.508205  -0.748057
        17  -0.988920  -0.615825   0.110679   1.494066
        18  -0.690747   1.084081  -1.009188   0.615854
        19   0.981332  -1.018724   0.016076   0.021316
        20   0.361275   1.193998  -1.087121  -0.468152
        21   4.190664  -2.497897   0.687631  -2.380398
        22   0.764986  -1.012905  -0.038612   0.286531
        23   0.363961  -1.394706  -1.565285   2.596030
        24  -0.209171   0.899725  -0.903772   0.213217