       pos     val_AA     val_AC     val_AG     val_AT     val_CA     val_CC     val_CG     val_CT     val_GA     val_GC     val_GG     val_GT     val_TA     val_TC     val_TG     val_TT
         3  -0.016970  -0.006039  -0.016550  -0.045880   0.002696  -0.123935  -0.054466   0.069497   0.019474   0.154347   0.046509   0.066814  -0.022143  -0.066598   0.005818  -0.012577
         4   0.007850   0.025508  -0.001336  -0.012471   0.059253  -0.015132   0.016524  -0.066378   0.013118  -0.002463   0.017605  -0.010456  -0.028583   0.020699  -0.020284  -0.003454
         5   0.008269   0.021867   0.012108  -0.014222  -0.033036   0.107679  -0.066369  -0.003277  -0.056008  -0.089678   0.123098   0.011482  -0.040641   0.014751   0.013335  -0.009358
         6  -0.076306  -0.124582  -0.000526   0.090433  -0.019504  -0.055829  -0.023153   0.163539  -0.013167   0.055643  -0.001099   0.051231  -0.027283  -0.012012  -0.000633  -0.006750
         7  -0.013891  -0.081881  -0.025393   0.069249  -0.123265   0.046755  -0.017368   0.041441   0.045304  -0.039547   0.007281   0.045893  -0.049830   0.106180  -0.025265   0.014336
         8  -0.120751   0.001294  -0.029463   0.101195   0.051110   0.057333   0.037410  -0.020389   0.070247  -0.047102  -0.003645   0.013713  -0.075460  -0.037597  -0.035723   0.037826
         9   0.042197   0.040343   0.037540  -0.096079   0.011827   0.043134   0.088932  -0.071110   0.015222   0.032675   0.022134  -0.002596  -0.058630  -0.120565  -0.047565   0.062540
        10  -0.009983   0.028511   0.022729  -0.087851   0.012568  -0.000345   0.011619  -0.085464   0.066992   0.058706   0.036671  -0.118539   0.017156  -0.044052   0.043045   0.048237
        11  -0.041273   0.038183  -0.016361  -0.081036  -0.016033  -0.109915   0.048882  -0.067333  -0.022829   0.040007  -0.041372  -0.048962   0.049937   0.161570   0.105101   0.001432
        12  -0.054244  -0.004053   0.036617  -0.066779   0.071977   0.058274   0.023438  -0.082105  -0.028734   0.017075   0.054248  -0.004600  -0.020758   0.009577   0.003199  -0.013133
        13  -0.019446  -0.030086   0.073806  -0.088473  -0.013374   0.191575  -0.067734  -0.062035  -0.006906  -0.019581   0.068466   0.043082  -0.007429  -0.043560   0.002937  -0.021243
        14   0.018189   0.016076  -0.002049  -0.095065   0.037841   0.012664   0.029441   0.002708   0.010410   0.061715  -0.028862   0.018519  -0.087993   0.016164   0.015408  -0.025167
        15  -0.023528  -0.046347   0.002825   0.007073  -0.007327   0.006124   0.118510  -0.049110  -0.021149  -0.000315  -0.044405   0.041385  -0.046573   0.029259   0.068351  -0.034772
        16  -0.102766   0.077815  -0.112341   0.034912  -0.003840  -0.072724   0.038595   0.022888   0.078529   0.029010  -0.040031   0.073969  -0.049002  -0.006113   0.066822  -0.035723
        17   0.105765  -0.002225  -0.074768  -0.043332  -0.016770   0.083194   0.110556  -0.086475  -0.007325   0.000855   0.011998   0.010035  -0.038381  -0.015270  -0.017764  -0.020094
        18   0.030013   0.020075  -0.065256   0.102794   0.037936   0.024922   0.055634  -0.007599   0.025225   0.010708   0.081142  -0.042716  -0.031134  -0.014992  -0.217742  -0.009009
        19   0.038345  -0.002516  -0.003134   0.020021   0.023071   0.015136  -0.047194   0.040378  -0.107115  -0.034198  -0.001573  -0.012658   0.005157   0.045220   0.032402  -0.011340
        20  -0.007993   0.038471  -0.041419   0.002004   0.015210   0.004549   0.009384   0.026105  -0.106865  -0.063722   0.141366   0.041328   0.015762  -0.040892  -0.029849  -0.003439
        21  -0.109112  -0.038495   0.082146   0.003375  -0.008799   0.007859  -0.119923   0.081069  -0.001609  -0.020335   0.069809   0.053416  -0.035970  -0.001563   0.036122   0.002011
        22   0.017821  -0.094605   0.041951  -0.052246  -0.013455   0.006179   0.037478  -0.014323  -0.030410   0.155089  -0.038883   0.050770  -0.010220  -0.014432  -0.059828   0.019114
        23   0.012509  -0.048262   0.000181   0.012136   0.014708  -0.057418   0.063480   0.044289   0.057965  -0.005722  -0.062586   0.003889  -0.006881  -0.027790  -0.022820   0.022321
