       pos     val_AA     val_AC     val_AG     val_AT     val_CA     val_CC     val_CG     val_CT     val_GA     val_GC     val_GG     val_GT     val_TA     val_TC     val_TG     val_TT
         3   0.057032  -0.020683  -0.035608  -0.017683  -0.094421  -0.119490   0.000421  -0.048625  -0.054305  -0.025809  -0.084089  -0.043048   0.038307  -0.091403  -0.085013   0.052010
         4   0.012809  -0.025661  -0.061768  -0.015912   0.018487   0.036605   0.013461   0.048921  -0.008699   0.062853   0.091086   0.058500   0.020299   0.035602   0.021245   0.002612
         5  -0.012471   0.044854  -0.013121   0.014033  -0.024825   0.017526  -0.057024   0.001624   0.057420   0.023370  -0.017098   0.061934   0.037802   0.067144  -0.023912   0.052572
         6   0.070477   0.089081   0.041672  -0.029923   0.053549   0.024048   0.072681   0.060665  -0.043613   0.074824  -0.012605   0.013716   0.060327  -0.000561   0.218980   0.065597
         7  -0.056715  -0.038335   0.005407   0.014773  -0.016622   0.111421   0.118219   0.015297   0.042904  -0.008483  -0.006332   0.087404   0.008960  -0.014506   0.028195   0.018326
         8  -0.039715   0.013397  -0.017006  -0.039829   0.007706  -0.000379  -0.013240   0.084426   0.019237  -0.023140  -0.001953  -0.026793  -0.003341  -0.089636   0.091239   0.023182
         9  -0.093063  -0.032964   0.019930  -0.052357  -0.046225   0.006973   0.001623  -0.037567   0.149162  -0.011132  -0.058748  -0.051389  -0.012156  -0.132448  -0.050328  -0.069599
        10  -0.028473   0.086666   0.021324   0.044808   0.083718  -0.024132   0.010972  -0.020231   0.031491   0.040855   0.023598   0.016701  -0.012260   0.059047  -0.005910  -0.001043
        11  -0.044602   0.002369   0.020651  -0.072314   0.002358  -0.009234  -0.031407  -0.048827  -0.078291  -0.011176  -0.070996  -0.065129   0.033909  -0.008039   0.029154  -0.034598
        12  -0.027295  -0.125633  -0.063639  -0.059573   0.017776  -0.038346  -0.009558  -0.062785  -0.035349  -0.081201   0.026402  -0.051037  -0.030157  -0.043976  -0.054206  -0.087716
        13  -0.011395   0.063921   0.023571   0.035585   0.026151  -0.044600  -0.045664   0.017032   0.001597  -0.018723   0.019247   0.051126   0.092879   0.047167   0.076763   0.022711
        14   0.018827   0.040934   0.052198  -0.014012   0.042818   0.064923   0.043572   0.044087   0.065237   0.037305   0.027609   0.020314   0.023225   0.020416   0.050920   0.026701
        15  -0.031371  -0.083980   0.111793  -0.014216  -0.060296  -0.075212   0.067376   0.070275   0.038202  -0.029630  -0.028273  -0.050870  -0.004253  -0.002512  -0.047102  -0.076578
        16  -0.047452  -0.231483  -0.067710   0.019782  -0.085011  -0.062415   0.009533  -0.009366   0.020407  -0.058122  -0.028900  -0.017847  -0.032262  -0.124732  -0.176899  -0.025507
        17   0.086803   0.027990   0.009440  -0.018778   0.077886  -0.035205   0.008678   0.035855   0.034105  -0.000376   0.014243   0.018939  -0.043658   0.180884   0.018745   0.019138
        18  -0.042999  -0.082449   0.035697  -0.019043   0.072356   0.023845  -0.003431   0.078612  -0.118409  -0.035578   0.037801   0.021652  -0.035906  -0.053615  -0.002197  -0.005697
        19   0.021361   0.128086  -0.104529  -0.066796  -0.031133  -0.061554  -0.081154   0.044400   0.011916   0.021512   0.003145   0.063579  -0.003093  -0.013525  -0.031731  -0.063158
        20  -0.005105   0.067437  -0.009705  -0.003703   0.169462   0.043700   0.097921   0.018691   0.025568  -0.033849  -0.013299  -0.024532   0.039638   0.037308  -0.010913   0.023799
        21  -0.108599   0.087515   0.013230  -0.055751   0.023396  -0.071029   0.004346  -0.020810  -0.061067  -0.005977  -0.073556  -0.007969  -0.004033  -0.058368  -0.035412  -0.045639
        22  -0.011157  -0.037381   0.007983  -0.025279  -0.052295  -0.028009  -0.050232   0.063507  -0.029552  -0.000860  -0.031930   0.104881  -0.000005  -0.035596   0.040375  -0.006065
        23   0.028796  -0.050958  -0.034016   0.058922  -0.017415  -0.045797  -0.062857  -0.007293   0.008259   0.030538  -0.023249  -0.062243  -0.054765  -0.045733  -0.004206   0.042200