       pos     val_AA     val_AC     val_AG     val_AT     val_CA     val_CC     val_CG     val_CT     val_GA     val_GC     val_GG     val_GT     val_TA     val_TC     val_TG     val_TT
         3   0.007783   0.007530  -0.028930   0.099202   0.038650   0.029142   0.104449   0.040975  -0.014717  -0.024329  -0.022107   0.040563   0.095854   0.007848   0.030537   0.140838
         4  -0.014204  -0.056938   0.054128  -0.069778   0.012835   0.006916   0.009921   0.030405   0.000749  -0.008610  -0.024514   0.035517   0.015200  -0.026379   0.007565   0.027402
         5  -0.041533  -0.017294  -0.019184   0.030366  -0.008234  -0.032482   0.028910  -0.031985   0.019955  -0.040426  -0.033346  -0.010551  -0.043102   0.043838   0.041194   0.005137
         6   0.035636   0.030775  -0.054796   0.018978  -0.030586   0.042172  -0.028365  -0.020014   0.028093   0.007907  -0.054008   0.005430  -0.058521  -0.023901  -0.054113   0.009097
         7   0.092566   0.028468  -0.001238  -0.000011  -0.061635  -0.008077  -0.022830  -0.030717  -0.041888   0.017214  -0.030476  -0.003377   0.059163  -0.001449   0.013263   0.024931
         8   0.030137  -0.053634  -0.025893  -0.041772   0.030461  -0.067193   0.016154   0.053348   0.022509  -0.024131  -0.023828   0.061372  -0.000192  -0.011743  -0.042699   0.041272
         9  -0.040729   0.136389   0.028390   0.029505   0.040888   0.107977   0.063611   0.095692   0.057945   0.023561   0.024960  -0.005028   0.021812   0.052840   0.084993  -0.060956
        10   0.017462  -0.016972  -0.033163   0.058490   0.029079   0.038418   0.005038  -0.014155  -0.070271  -0.004129  -0.059209  -0.014755   0.063839  -0.029634  -0.013193   0.008153
        11   0.072901   0.068087   0.028618   0.062265  -0.042999   0.066482  -0.012649  -0.025268  -0.025470  -0.002147  -0.017182  -0.034628  -0.001669   0.009567  -0.053217   0.000939
        12   0.050026   0.074037   0.031223   0.074728   0.017392   0.121411   0.080620  -0.016213  -0.010395   0.045703   0.002176  -0.113451   0.081614   0.041813  -0.002929   0.042147
        13   0.018591   0.013796   0.000837  -0.063232  -0.004677  -0.022241   0.063714  -0.007391  -0.065232   0.010918   0.045316  -0.071525   0.024273   0.089880   0.018113   0.027426
        14   0.023377   0.008574   0.009136   0.115145   0.005068   0.059354  -0.010168   0.003248  -0.039450   0.061305   0.038431   0.057656   0.033189   0.048739  -0.002581   0.012781
        15   0.036921   0.055768   0.094680   0.001493  -0.000559   0.035954   0.031604   0.110172  -0.031462   0.006158   0.019292   0.031115   0.059111   0.031353   0.084144   0.061955
        16   0.094644  -0.063878  -0.014560   0.078619  -0.020824   0.082645  -0.079607   0.041087   0.006802  -0.025803   0.025461  -0.055862   0.094629   0.095147   0.065611   0.086168
        17  -0.021469   0.049197  -0.057643   0.096453   0.025614  -0.010974  -0.023765   0.077405   0.017966   0.030281   0.005108  -0.019304   0.015329  -0.010516  -0.020426   0.079471
        18   0.081764   0.080488   0.093638   0.016413   0.021741   0.016577  -0.016870   0.075908   0.065462   0.109617   0.026486   0.052299   0.096625   0.091854   0.124799   0.072234
        19   0.045713   0.050353   0.107554   0.024812   0.137639   0.045354   0.022528   0.121162   0.146799   0.138971   0.094126   0.122413   0.062645   0.036452   0.080527   0.172908
        20  -0.101066  -0.032658   0.011016   0.048590   0.085071   0.009263   0.099421   0.026598   0.100343   0.117834   0.067890  -0.000763   0.095228   0.074914   0.072811   0.011810
        21  -0.013737   0.010325  -0.079728   0.021862   0.010127   0.006779   0.040982   0.027052   0.016898  -0.049009   0.027772  -0.001386   0.020872  -0.023705  -0.064608  -0.016222
        22  -0.000241   0.049659   0.009601   0.024848   0.112222   0.026947  -0.070328  -0.000100  -0.005402   0.005837   0.015507  -0.023443  -0.018792   0.017086   0.001228  -0.050622
        23   0.043957   0.105552   0.053969   0.030308   0.016440   0.124975   0.090863   0.054240   0.067299   0.095909   0.082397   0.097463   0.042949   0.058036   0.061808   0.023193