       pos     val_AA     val_AC     val_AG     val_AT     val_CA     val_CC     val_CG     val_CT     val_GA     val_GC     val_GG     val_GT     val_TA     val_TC     val_TG     val_TT
         3   0.067048  -0.092318  -0.065857   0.076536  -0.064825   0.040490   0.037145  -0.025083  -0.027341   0.065223  -0.083744  -0.055762   0.045523  -0.000466   0.000577   0.082855
         4   0.036988   0.010581   0.027736  -0.066211  -0.001142   0.089354  -0.066402  -0.020193   0.004003  -0.079989  -0.007474  -0.039731   0.027885  -0.006859   0.011428   0.080027
         5   0.008192  -0.017403  -0.028611  -0.057433  -0.049953  -0.149705   0.102057  -0.052300  -0.082665   0.007095  -0.061871  -0.060260   0.173599   0.100311   0.129666   0.039280
         6   0.026725  -0.001419  -0.064003  -0.022509  -0.040757  -0.041217  -0.016289  -0.071816   0.121333   0.070577  -0.044503  -0.116542   0.035448   0.020888   0.132399   0.011686
         7  -0.014800   0.067760   0.069860  -0.049673   0.045656  -0.011991   0.003227  -0.057665   0.014934  -0.023318  -0.062598   0.008982   0.032539  -0.044990   0.027793  -0.005715
         8  -0.009844  -0.057938  -0.077588   0.188586  -0.041998  -0.058356  -0.038552   0.091254   0.026252  -0.055014  -0.044834   0.076766  -0.022773  -0.004543   0.043076  -0.014493
         9  -0.009639  -0.062224   0.077825   0.071737  -0.032870  -0.025368   0.002902   0.005545   0.102105   0.039654  -0.042754  -0.090841  -0.002828  -0.001213  -0.049052   0.017022
        10  -0.039986   0.022492  -0.003511   0.034815  -0.031822  -0.030211  -0.012721  -0.017356  -0.089543   0.041254  -0.024292   0.018544   0.064960   0.018111   0.042985   0.006282
        11  -0.000970  -0.028724  -0.063250  -0.013724   0.045032  -0.012285   0.015519  -0.006897   0.005408   0.036091  -0.030460  -0.018856  -0.044259   0.100650   0.013014   0.003713
        12  -0.019888   0.122745  -0.101533  -0.005886   0.003950  -0.060574   0.106108   0.036474   0.035209  -0.074975  -0.089958   0.054774  -0.034888   0.019208   0.007964   0.001270
        13  -0.004290  -0.019646  -0.029031   0.059436   0.012214  -0.049583   0.016136   0.049723   0.020363   0.053639  -0.013601  -0.115733   0.043065  -0.026944  -0.002541   0.006791
        14   0.023195   0.024535   0.016443  -0.013921  -0.024796  -0.001579   0.024121  -0.061379  -0.081010  -0.053970   0.042631   0.042213  -0.000404   0.062318   0.000087   0.001517
        15  -0.021647  -0.046449   0.072453  -0.071754  -0.010679  -0.035689  -0.019760   0.113049   0.060957   0.019740   0.015659   0.002543  -0.045671   0.007374  -0.045545   0.005421
        16  -0.017637  -0.039838  -0.022038   0.061293  -0.027336  -0.004067  -0.024681  -0.000120  -0.038926   0.076593  -0.042023   0.025984   0.046708   0.018002  -0.017041   0.005126
        17   0.029664  -0.046435  -0.032597   0.061245  -0.020610  -0.076833   0.167773   0.029429   0.095216  -0.038929  -0.110940  -0.002060  -0.050908   0.057465  -0.078874   0.017393
        18   0.002240   0.004242   0.042762  -0.003175   0.040193  -0.043728  -0.087626  -0.020863  -0.022089   0.029978  -0.002993  -0.066826  -0.071315   0.027887   0.155744   0.015570
        19  -0.052627   0.078838  -0.082592  -0.037086   0.046090  -0.014763  -0.032231  -0.023212   0.067701   0.054999  -0.015887  -0.041423  -0.024321   0.016550   0.055016   0.004946
        20  -0.033625   0.072269  -0.094612   0.031298   0.107361  -0.078358   0.062330  -0.017221   0.000676  -0.071976  -0.057797  -0.008109  -0.010985   0.034246   0.074936  -0.010432
        21  -0.026601   0.040495   0.025457   0.076161   0.026266  -0.065054  -0.061261   0.108314  -0.020227  -0.025397  -0.023395   0.105961  -0.029220  -0.077729  -0.056359   0.002589
        22   0.038455   0.004925  -0.030183   0.083670  -0.017266  -0.006676  -0.027787   0.070694  -0.027912  -0.065995  -0.004028   0.129026  -0.049020  -0.102778  -0.034377   0.039252
        23   0.026651   0.012196  -0.015108   0.065625  -0.007551   0.053465  -0.084398   0.013065  -0.017054   0.077576   0.008797  -0.020587  -0.005333  -0.073903  -0.108970   0.075528