       pos      val_A      val_C      val_G      val_T
         3   0.093357  -0.089337  -0.058092   0.054072
         4   0.074363  -0.064144  -0.110238   0.100019
         5   0.013044  -0.049619   0.001944   0.034631
         6  -0.095041   0.048293  -0.122647   0.169394
         7  -0.071963  -0.159468   0.253612  -0.022181
         8  -0.007344  -0.081284  -0.081245   0.169874
         9  -0.114059  -0.217406   0.305943   0.025521
        10   0.206754  -0.001316  -0.101881  -0.103557
        11  -0.081016   0.070967  -0.024177   0.034226
        12  -0.034649   0.056574   0.029272  -0.051198
        13  -0.024941   0.011182  -0.030015   0.043773
        14   0.048019  -0.027078   0.006286  -0.027227
        15  -0.050473   0.015595   0.048467  -0.013589
        16   0.105310  -0.031018  -0.011382  -0.062910
        17  -0.091546  -0.137014   0.030283   0.198278
        18  -0.010303   0.301834  -0.217284  -0.074248
        19   0.173205  -0.103560  -0.059812  -0.009834
        20   0.056778   0.201339  -0.193008  -0.065110
        21   0.233046  -0.131840   0.018844  -0.120050
        22   0.041082  -0.065674  -0.003679   0.028272
        23   0.019766  -0.064991  -0.097788   0.143013
        24   0.033939   0.011412  -0.090061   0.044710
