       pos     val_AA     val_AC     val_AG     val_AT     val_CA     val_CC     val_CG     val_CT     val_GA     val_GC     val_GG     val_GT     val_TA     val_TC     val_TG     val_TT
         3   0.067291  -0.032285  -0.120563   0.009186  -0.039198   0.051864   0.046308  -0.012351  -0.035288  -0.007354   0.008674  -0.037077   0.051361  -0.004246  -0.025075   0.078751
         4   0.040657   0.012472   0.009695  -0.043964  -0.028662  -0.011368   0.030057  -0.007353  -0.024285  -0.039861  -0.009681  -0.042135   0.041715   0.037445  -0.037153   0.072424
         5   0.001325   0.000359  -0.033185  -0.051299   0.009559  -0.062068  -0.007810  -0.053218   0.014885  -0.044834  -0.045691  -0.043666   0.080338   0.098352   0.092583   0.044368
         6   0.080285   0.027218  -0.043564  -0.070866  -0.007445  -0.006943   0.007427  -0.114266  -0.002788  -0.023186  -0.057944  -0.023219   0.037198   0.035407   0.146576   0.016109
         7  -0.034935   0.101229  -0.018942  -0.040927   0.061192  -0.061011  -0.009425  -0.059084  -0.027985  -0.029192  -0.037155   0.046002   0.078973  -0.020514   0.060871  -0.009097
         8   0.096586  -0.068976  -0.000502   0.056524   0.077964   0.013786  -0.038713  -0.056139  -0.037343   0.016727  -0.032239   0.054589  -0.067106  -0.067123   0.059467  -0.007501
         9   0.004274  -0.012977  -0.000344   0.103568  -0.024600  -0.035252  -0.093554   0.072239   0.096421  -0.014581  -0.052175  -0.017233  -0.015725  -0.041008   0.032342  -0.001396
        10  -0.006967   0.074306   0.022441   0.035004   0.027687  -0.071033   0.017084  -0.013142   0.011298  -0.020418  -0.010717  -0.029478   0.002996  -0.012430  -0.041339   0.014708
        11   0.007444   0.044229  -0.024929  -0.037692  -0.038243  -0.016819  -0.003729  -0.016747  -0.049117   0.033509  -0.005223  -0.037665   0.070038   0.083977  -0.012250   0.003217
        12   0.097077  -0.121451  -0.015665   0.015682  -0.020515   0.112807   0.022885   0.015240  -0.080305  -0.035351   0.029949   0.025098  -0.000793  -0.028696  -0.015559  -0.000403
        13  -0.017601   0.019754   0.032548  -0.036239   0.052291  -0.108229   0.004034  -0.017789  -0.005961   0.031282  -0.023063   0.022348   0.036140   0.000511   0.009628   0.000347
        14  -0.004221   0.027344   0.027276  -0.008162  -0.011045  -0.006872   0.011460  -0.072856   0.018959   0.045403  -0.005230  -0.058618  -0.016732   0.040284   0.018321  -0.005311
        15  -0.037595  -0.020335   0.041395  -0.055729  -0.028430  -0.039011   0.056173   0.058203   0.033168  -0.001921  -0.055801   0.017156   0.048774   0.006975  -0.002903  -0.020117
        16   0.065430  -0.004929  -0.069912   0.086263  -0.010268  -0.008005  -0.000353   0.025269   0.024898   0.034837  -0.037014   0.077078  -0.060351  -0.090086  -0.027973  -0.004884
        17   0.019755  -0.080010   0.098757   0.050540   0.088822  -0.074131  -0.114011   0.100471  -0.085737  -0.019014   0.000434   0.038398  -0.059430   0.075618  -0.052912   0.012450
        18  -0.024309   0.069282  -0.076903   0.036316   0.045920  -0.068877  -0.076250   0.042646  -0.052714  -0.049479   0.006789   0.068650  -0.095986  -0.051280   0.203502   0.022694
        19  -0.010583   0.110390  -0.068354  -0.086949   0.065545   0.044011  -0.040636  -0.097681   0.038282   0.061937   0.046714  -0.018202  -0.008299  -0.020750  -0.056018   0.040592
        20   0.060434   0.056642  -0.099668  -0.022332   0.173156  -0.080787   0.044805  -0.031455  -0.050262  -0.045802  -0.066699  -0.045401   0.000190  -0.003085   0.092138   0.018125
        21   0.046450   0.024155   0.202073  -0.040632   0.031586  -0.034702  -0.155403   0.134014  -0.028539  -0.034192  -0.015131   0.096967  -0.059321  -0.092218  -0.105363   0.030257
        22   0.071466   0.002351  -0.009863   0.064295  -0.015170  -0.018180  -0.038298   0.072764   0.037361  -0.060972  -0.002009   0.089869  -0.069108  -0.097048  -0.092234   0.064775
        23   0.053527   0.026275  -0.019878   0.068667  -0.053684  -0.001060  -0.018560   0.003497  -0.021279  -0.042179   0.053024  -0.027929  -0.007333   0.025843  -0.129717   0.090786