       pos      val_A      val_C      val_G      val_T
         3   0.089174  -0.083812  -0.076023   0.070660
         4   0.077398  -0.120683  -0.154389   0.197674
         5  -0.008775  -0.051180  -0.041224   0.101179
         6  -0.046146   0.012841  -0.130334   0.163639
         7  -0.085877  -0.128934   0.209174   0.005637
         8  -0.014583  -0.086594  -0.066347   0.167524
         9  -0.087323  -0.169327   0.228068   0.028581
        10   0.166199  -0.022417  -0.107527  -0.036255
        11  -0.091880   0.046857  -0.062280   0.107304
        12  -0.048787   0.084025   0.030832  -0.066070
        13  -0.030997   0.017937  -0.039970   0.053030
        14   0.043432  -0.044812  -0.041453   0.042833
        15  -0.053140  -0.013405   0.023618   0.042927
        16   0.103836  -0.055128  -0.032986  -0.015722
        17  -0.099277  -0.069004  -0.015532   0.183813
        18  -0.086371   0.212683  -0.131220   0.004907
        19   0.136542  -0.104407  -0.069889   0.037754
        20  -0.002601   0.170108  -0.156209  -0.011299
        21   0.309995  -0.142553   0.028667  -0.196110
        22   0.087409  -0.110383  -0.045981   0.068956
        23   0.020465  -0.101231  -0.183417   0.264184
        24   0.032784  -0.016961  -0.084147   0.068325
