       pos      val_A      val_C      val_G      val_T
         0   1.123034  -0.038034  -0.177925  -0.907075
         1   1.371789   0.939311  -1.593227  -0.717874
         2  -1.236710   0.549145   1.025538  -0.337973
         3  -1.041449   0.443496  -0.976382   1.574334
         4  -0.257253   0.179105   1.012683  -0.934535
         5  -0.660104  -0.542651   0.960923   0.241832
         6   0.809961  -0.425743  -0.005551  -0.378667
         7   0.767220  -1.919887   1.622514  -0.469847
         8  -1.971283  -0.179142   1.350310   0.800116
         9  -0.679087   0.511715   0.009453   0.157919
        10  -0.006832  -0.659745  -0.419870   1.086447
        11   0.582236  -0.783881   0.189138   0.012507
        12  -0.683192  -1.087699   1.479532   0.291359
        13   0.964056  -0.464237   0.659145  -1.158965
        14  -0.280555  -1.881672   0.827389   1.334838
        15   1.762368  -0.503775  -0.290369  -0.968225
        16   0.763351  -1.683508   0.007985   0.912173
        17  -1.931076   2.935149  -0.870094  -0.133978
        18   1.767422  -0.354499  -0.272436  -1.140486
        19   1.345270  -0.467981  -0.164893  -0.712397
        20   0.423622  -0.505504  -1.749344   1.831227
        21  -0.424849  -0.823481   0.991700   0.256630
