       pos     val_AA     val_AC     val_AG     val_AT     val_CA     val_CC     val_CG     val_CT     val_GA     val_GC     val_GG     val_GT     val_TA     val_TC     val_TG     val_TT
         0  -0.085924  -0.111636   0.038673   0.085005   0.042337  -0.039392   0.000847   0.085163   0.084768  -0.026292  -0.051405   0.012639  -0.084124   0.016466   0.006718  -0.041021
         1  -0.022146   0.027090  -0.008194   0.064054   0.037318  -0.010878  -0.081830  -0.016540   0.076872  -0.040351   0.029122   0.050806  -0.074595  -0.053359   0.004625  -0.004833
         2   0.047666  -0.047472   0.039931   0.026172  -0.024192  -0.009782  -0.034635   0.040439  -0.024239  -0.037691  -0.012472   0.065132  -0.038819  -0.002458   0.015012   0.002884
         3  -0.046337   0.100002   0.037747  -0.053788  -0.069591   0.072035   0.027986  -0.033234   0.076553  -0.038593   0.035582   0.044803   0.021666   0.018817  -0.189809   0.019589
         4   0.058199   0.006340  -0.022792  -0.037999  -0.016142   0.069079   0.097045   0.035291   0.017946   0.002980  -0.002736  -0.079894   0.019336  -0.047854  -0.103909   0.031999
         5   0.006461   0.022954  -0.042007   0.027735   0.019559   0.072913   0.037864  -0.137599  -0.073904  -0.064951   0.025732   0.035121   0.046723   0.039077  -0.079077   0.016620
         6   0.013628   0.059040  -0.007685  -0.071127   0.014993   0.045862   0.006254   0.015573  -0.100587  -0.018725  -0.032838   0.111207   0.005229   0.066474  -0.000840   0.022461
         7  -0.002540  -0.038004  -0.006509  -0.066217   0.130814   0.020260  -0.048743   0.018091  -0.048861   0.000914   0.022452  -0.054674   0.155620  -0.013530  -0.009269   0.010326
         8   0.123457   0.042833   0.030837   0.043292  -0.058922   0.100340  -0.018535  -0.034886   0.014249  -0.063191   0.017969  -0.008914  -0.032994  -0.031133  -0.033898   0.006470
         9  -0.007834   0.029341   0.022821  -0.004340  -0.009126   0.020510   0.054772  -0.026460   0.039056   0.057242  -0.062583  -0.050526   0.001285  -0.070583   0.047932   0.010177
        10  -0.001414   0.002156   0.002938  -0.001213   0.064542   0.072307   0.014678  -0.125020  -0.016058   0.079905  -0.036501   0.042143  -0.047954  -0.021143  -0.070402   0.006258
        11   0.032785   0.025211  -0.029994  -0.031605   0.061244   0.029419  -0.024534   0.053392  -0.063362  -0.014796  -0.027009  -0.000745  -0.001506  -0.034508  -0.010025  -0.000511
        12   0.069489  -0.016781   0.045054  -0.060148   0.056640   0.022949  -0.035441  -0.022691  -0.107630   0.018787   0.009629  -0.000640  -0.060265   0.048432   0.044490   0.005256
        13   0.018532   0.015782  -0.056967  -0.075733   0.031771  -0.001031   0.070514  -0.058687   0.079962  -0.072957   0.082331  -0.053321  -0.012022   0.079975  -0.003957  -0.001693
        14  -0.048297  -0.011298   0.096312   0.024216  -0.099862   0.109063  -0.027408   0.001226   0.007915  -0.049697   0.126121  -0.042001   0.015023  -0.123192  -0.022203  -0.009144
        15  -0.035256  -0.129717   0.041554   0.010434  -0.083366   0.079654  -0.030559  -0.052882   0.027795   0.047850   0.061163   0.051998   0.037908  -0.090950   0.004239  -0.005959
        16   0.037280  -0.124159   0.039231   0.051787  -0.046192  -0.055423  -0.046530   0.098061   0.103801  -0.029414   0.021463   0.042201  -0.089885  -0.054743   0.006541   0.001312
        17   0.085118   0.013834   0.026361  -0.023884  -0.148761   0.079244  -0.119231   0.036283   0.004615   0.011381   0.026962   0.087663  -0.051692  -0.031586   0.011889   0.027279
        18  -0.065715  -0.036224   0.023019  -0.065554  -0.026146   0.083575   0.041669  -0.076433   0.006549   0.048152  -0.045971  -0.098747   0.015092   0.075429   0.015483   0.016454
        19  -0.041892  -0.031457  -0.004372  -0.091119   0.033016   0.051543   0.127097  -0.134383   0.053340  -0.018459  -0.058308  -0.048728   0.019588   0.092255   0.048365  -0.008891
        20  -0.052042  -0.017106   0.096281  -0.061345   0.021776   0.049382  -0.069681  -0.017948   0.031863   0.032914  -0.051653  -0.009077   0.091203   0.031236   0.024794  -0.035716
