       pos     val_AA     val_AC     val_AG     val_AT     val_CA     val_CC     val_CG     val_CT     val_GA     val_GC     val_GG     val_GT     val_TA     val_TC     val_TG     val_TT
         0  -0.085281  -0.114253   0.045391   0.093981   0.047823  -0.034881   0.005285   0.091591   0.082516  -0.023514  -0.045957   0.018863  -0.078317   0.021646   0.010111  -0.035003
         1  -0.023372   0.030149  -0.014484   0.072168   0.041285  -0.005532  -0.078166  -0.010869   0.073290  -0.047655   0.030325   0.056588  -0.073694  -0.044540   0.005081  -0.010573
         2   0.044562  -0.050162   0.044358   0.024732  -0.023870  -0.007378  -0.034427   0.044080  -0.028183  -0.036227  -0.009699   0.062846  -0.042263  -0.003508   0.014216   0.000922
         3  -0.041810   0.100527   0.034864  -0.056373  -0.069071   0.070369   0.025827  -0.037440   0.069914  -0.042705   0.027201   0.046998   0.015778   0.021179  -0.187919   0.022662
         4   0.051316   0.005088  -0.021560  -0.035468  -0.021436   0.065105   0.099873   0.030392   0.015253  -0.000982  -0.008455  -0.081279   0.020210  -0.043269  -0.103591   0.028804
         5   0.009172   0.028293  -0.038637   0.034956   0.021176   0.073516   0.037247  -0.137555  -0.073454  -0.065906   0.033858   0.040211   0.044631   0.046076  -0.074498   0.020914
         6   0.004792   0.057384  -0.016417  -0.077745   0.002302   0.037549   0.000968   0.007649  -0.109407  -0.025896  -0.040831   0.100593   0.000590   0.058653  -0.012721   0.012536
         7  -0.004328  -0.036699  -0.018279  -0.072567   0.122435   0.016053  -0.052110   0.011163  -0.052304  -0.005481   0.019588  -0.060953   0.152204  -0.016421  -0.007299   0.004999
         8   0.123213   0.037368   0.021442   0.035335  -0.067366   0.092060  -0.021636  -0.046255   0.007016  -0.066435   0.011450  -0.010779  -0.042146  -0.037120  -0.040984   0.004837
         9  -0.013948   0.023900   0.023643  -0.008645  -0.014591   0.020844   0.051845  -0.027993   0.039026   0.050754  -0.067597  -0.047677  -0.002857  -0.079154   0.046554   0.005895
        10   0.007607   0.011252   0.007333  -0.001016   0.068100   0.073609   0.016091  -0.123909  -0.007121   0.078697  -0.035299   0.035716  -0.054289  -0.017461  -0.069592   0.010282
        11   0.034357   0.026868  -0.032103  -0.031444   0.063892   0.030113  -0.020038   0.055509  -0.063990  -0.011104  -0.026531   0.003539   0.004406  -0.032076  -0.007526   0.006127
        12   0.072962  -0.016192   0.045701  -0.060323   0.051622   0.024806  -0.035233  -0.023910  -0.113545   0.017683   0.012909   0.000239  -0.066663   0.045921   0.037024   0.006998
        13   0.015124   0.012802  -0.058570  -0.065973   0.028183  -0.004143   0.069907  -0.062726   0.074757  -0.077262   0.076666  -0.054756  -0.024647   0.078826  -0.004938  -0.003251
        14  -0.038322  -0.015584   0.100641   0.024935  -0.100891   0.108514  -0.020961   0.001815   0.013821  -0.049347   0.130666  -0.033822   0.023488  -0.112438  -0.023828  -0.008688
        15  -0.031753  -0.125638   0.053956   0.008716  -0.072683   0.079233  -0.020289  -0.047931   0.028844   0.052002   0.061040   0.051817   0.046944  -0.087582   0.010215  -0.006891
        16   0.038405  -0.113012   0.037705   0.049798  -0.042941  -0.057086  -0.044612   0.104197   0.105802  -0.029457   0.027511   0.042609  -0.087543  -0.049510   0.014639   0.003494
        17   0.087708   0.005839   0.030520  -0.023880  -0.150556   0.078608  -0.122254   0.031601   0.001217   0.010495   0.022438   0.087558  -0.059318  -0.032160   0.007075   0.025110
        18  -0.062547  -0.030070   0.025867  -0.062244  -0.016547   0.091633   0.047861  -0.068209   0.007322   0.055541  -0.039913  -0.093214   0.027422   0.079210   0.014788   0.023100
        19  -0.041161  -0.033885  -0.002037  -0.088321   0.033062   0.050295   0.128094  -0.136190   0.052728  -0.016755  -0.061821  -0.046602   0.028174   0.091087   0.050496  -0.007164
        20  -0.057185  -0.022786   0.098164  -0.069642   0.018622   0.049825  -0.078415  -0.023544   0.033464   0.022665  -0.055904  -0.009747   0.088970   0.020202   0.023538  -0.038227
