       pos      val_A      val_C      val_G      val_T
         0  -0.099038   0.003521   0.020943   0.074575
         1  -0.124429  -0.086690   0.178718   0.032402
         2   0.127243  -0.040538  -0.108947   0.022242
         3   0.125023  -0.016930   0.111690  -0.219783
         4   0.025610  -0.024278  -0.080487   0.079156
         5   0.058041   0.050550  -0.083903  -0.024688
         6  -0.067197   0.039215   0.011582   0.016400
         7  -0.059433   0.179732  -0.159880   0.039581
         8   0.213251   0.060281  -0.180067  -0.093465
         9   0.069276  -0.040543   0.003399  -0.032133
        10   0.006450   0.067567   0.042352  -0.116369
        11  -0.045987   0.068327  -0.010127  -0.012213
        12   0.061282   0.104118  -0.133130  -0.032270
        13  -0.083744   0.045331  -0.063473   0.101886
        14   0.068155   0.232492  -0.087759  -0.212888
        15  -0.164231   0.061236   0.022576   0.080419
        16  -0.080271   0.211478  -0.018431  -0.112777
        17   0.206875  -0.343473   0.099358   0.037241
        18  -0.161514   0.030034   0.030218   0.101263
        19  -0.122498   0.043300   0.027584   0.051614
        20  -0.023317   0.064588   0.177644  -0.218914
        21   0.035279   0.071576  -0.087574  -0.019280
