       pos     val_AA     val_AC     val_AG     val_AT     val_CA     val_CC     val_CG     val_CT     val_GA     val_GC     val_GG     val_GT     val_TA     val_TC     val_TG     val_TT
         0  -0.096477  -0.122300   0.020076   0.110674   0.064369  -0.037122  -0.000042   0.109160   0.072648  -0.028927  -0.021507   0.051428  -0.094392  -0.003494   0.008521  -0.032614
         1  -0.039180   0.012997  -0.035706   0.140309   0.040032  -0.027911  -0.077610   0.005920   0.039789  -0.040514   0.049833   0.090214  -0.094969  -0.046594  -0.017065   0.000455
         2   0.052731  -0.055834   0.053782   0.006382  -0.026542   0.005816  -0.026214   0.056308  -0.032292  -0.016560  -0.010941   0.090633  -0.081028  -0.026294  -0.018249   0.028302
         3  -0.063308   0.051023   0.038797  -0.048401  -0.074106   0.094053   0.011368  -0.058947   0.064627  -0.036755   0.020123   0.015625   0.045886   0.033538  -0.138136   0.044612
         4   0.031335  -0.017925  -0.020285  -0.027044  -0.068400   0.063019   0.094214   0.046009   0.023762  -0.006840  -0.014803  -0.076985   0.034914  -0.020431  -0.083398   0.042858
         5   0.021856   0.009616  -0.046572  -0.004575   0.049902   0.047883   0.011221  -0.132467  -0.083615  -0.024922   0.015440   0.027539   0.041660   0.054464  -0.019966   0.032537
         6  -0.000158   0.071612  -0.014564  -0.071437   0.000398   0.047758  -0.010812   0.005348  -0.063259  -0.073715  -0.015368   0.068117  -0.010011   0.057623  -0.012980   0.021449
         7  -0.011078  -0.030534  -0.030270  -0.048125   0.124211   0.045689  -0.083978  -0.029620  -0.056702   0.003794  -0.008902  -0.038891   0.159611  -0.015923   0.011012   0.009705
         8   0.112554   0.032755   0.033079   0.037055  -0.028639   0.074123  -0.029829  -0.013230  -0.020342  -0.035243  -0.028145  -0.029008  -0.037400  -0.022913  -0.054372   0.009555
         9  -0.001471   0.001835   0.019387   0.014935  -0.014264   0.036126   0.063653  -0.028281   0.049128   0.050923  -0.108840  -0.061964   0.003377  -0.091985   0.055758   0.011683
        10   0.006096   0.032281   0.016756  -0.003997   0.080218   0.040509   0.032878  -0.142339   0.004718   0.031585  -0.010383   0.018405  -0.050833   0.001699  -0.072868   0.015275
        11   0.024956   0.026842  -0.016822  -0.041448   0.020007   0.005455  -0.019548   0.053488  -0.047918  -0.003092  -0.024122  -0.005156   0.016634  -0.001171   0.008288   0.003607
        12   0.080786  -0.048806   0.023566  -0.067893   0.059987   0.028631  -0.058981  -0.027628  -0.121295   0.043505  -0.002050   0.001611  -0.043755   0.061550   0.073672  -0.002899
        13   0.005897   0.010894  -0.048264  -0.044643   0.045175   0.008306   0.068440  -0.088880   0.091687  -0.073245   0.070587  -0.104659  -0.010030   0.093209  -0.008615  -0.015859
        14  -0.040294  -0.038152   0.123178   0.052602  -0.092398   0.099783  -0.021279   0.017662  -0.002566  -0.045275   0.155523  -0.060930   0.002397  -0.067295  -0.058248  -0.024708
        15  -0.036035  -0.102774   0.017093   0.015721  -0.048891   0.055434  -0.004059  -0.026559   0.030377   0.094308   0.047649   0.053704   0.060832  -0.106467  -0.032343  -0.017991
        16   0.038916  -0.073290   0.035566   0.048428  -0.036318  -0.041395  -0.033570   0.095120   0.049337  -0.067459   0.018873   0.070926  -0.049173  -0.063020   0.014213  -0.007157
        17   0.071287  -0.003518   0.031743  -0.008983  -0.132924   0.073334  -0.140024   0.042216   0.021901   0.011237   0.039578   0.050133  -0.064105  -0.022977   0.016316   0.014785
        18  -0.073162  -0.015869   0.018592  -0.053518  -0.042776   0.073705   0.059117  -0.052088   0.026859   0.035398  -0.056635  -0.078125   0.052176   0.056985   0.039586   0.009755
        19  -0.028107  -0.040042  -0.007017  -0.064716   0.011309   0.042509   0.120809  -0.127386   0.080298  -0.013117  -0.064873  -0.044626   0.012045   0.097272   0.041631  -0.015989
        20  -0.044749  -0.017503   0.112853  -0.068813   0.042775   0.061581  -0.091606  -0.019883   0.019642   0.013430  -0.029531  -0.006747   0.062876  -0.005746   0.010848  -0.039428
