       pos      val_A      val_C      val_G      val_T
         0  -0.104540  -0.003026   0.028471   0.079095
         1  -0.129458  -0.084631   0.164139   0.049951
         2   0.130077  -0.043819  -0.108981   0.022723
         3   0.117090  -0.024195   0.115295  -0.208190
         4   0.026498  -0.012372  -0.087184   0.073058
         5   0.063139   0.059702  -0.096455  -0.026387
         6  -0.066735   0.036037   0.014844   0.015854
         7  -0.069099   0.202422  -0.177708   0.044386
         8   0.231145   0.063681  -0.197329  -0.097496
         9   0.066653  -0.043379   0.014092  -0.037366
        10   0.004989   0.066980   0.044896  -0.116865
        11  -0.057537   0.082017  -0.008623  -0.015856
        12   0.072234   0.116474  -0.157751  -0.030957
        13  -0.089610   0.056457  -0.058033   0.091186
        14   0.062383   0.229727  -0.104445  -0.187665
        15  -0.180777   0.064739   0.026822   0.089216
        16  -0.078436   0.191321   0.000473  -0.113358
        17   0.200340  -0.294548   0.079296   0.014911
        18  -0.167366   0.037507   0.030493   0.099366
        19  -0.129572   0.049626   0.019994   0.059952
        20  -0.025476   0.067480   0.167344  -0.209348
        21   0.047283   0.079471  -0.103643  -0.023111