       pos     val_AA     val_AC     val_AG     val_AT     val_CA     val_CC     val_CG     val_CT     val_GA     val_GC     val_GG     val_GT     val_TA     val_TC     val_TG     val_TT
         0  -0.092669  -0.125072   0.019777   0.091012   0.054193  -0.056088  -0.017854   0.102821   0.064776  -0.039461   0.001412   0.029386  -0.078196  -0.004519   0.007537  -0.037880
         1  -0.047479   0.020029  -0.034351   0.148010   0.021143  -0.020443  -0.080556   0.018482   0.045612  -0.055713   0.021415   0.102325  -0.117346  -0.050325  -0.026227  -0.022140
         2   0.069391  -0.032025   0.054419   0.012100  -0.018577  -0.034062  -0.024466   0.079552  -0.033524  -0.034266  -0.004316   0.060262  -0.066421   0.005510  -0.023696   0.030790
         3  -0.066283   0.028247   0.020675  -0.000227  -0.100282   0.095852   0.023130  -0.032635   0.046388  -0.032883   0.030155   0.035778   0.007161   0.020652  -0.141738   0.007739
         4   0.065330   0.029432  -0.002022  -0.002776  -0.044563   0.056064   0.098163   0.037044   0.030154   0.004263   0.005958  -0.070018   0.055816   0.004590  -0.110065   0.040414
         5   0.016015   0.020971  -0.046381   0.013567   0.035726   0.016937   0.037913  -0.116395  -0.066050  -0.019663   0.015677   0.003011   0.052989   0.032918  -0.024406   0.015691
         6  -0.016642   0.040082  -0.024749  -0.095972  -0.009588   0.052924  -0.013758   0.001992  -0.063887  -0.057653   0.000585   0.038989  -0.035121   0.023750   0.004853   0.005543
         7  -0.011446  -0.051376  -0.081308  -0.075503   0.100974   0.001427  -0.106193  -0.038817  -0.066822  -0.026006  -0.049969  -0.065159   0.137165  -0.035214  -0.013916  -0.003797
         8   0.125567   0.055310   0.040862   0.056424  -0.022731   0.114650  -0.003422   0.021598  -0.017361  -0.040773  -0.011990  -0.007376  -0.000407  -0.014309  -0.040079   0.035759
         9  -0.014527  -0.004255   0.017625   0.015875  -0.016117   0.004839   0.034334  -0.018087   0.036755   0.080856  -0.102696  -0.047850  -0.003343  -0.079250   0.057159   0.007045
        10   0.026427   0.031718   0.016116  -0.004857   0.070452   0.060314   0.042750  -0.113319   0.024128   0.050105  -0.007274   0.035892  -0.047761  -0.002215  -0.068651   0.018947
        11  -0.018094   0.032005  -0.030396  -0.058697   0.027519  -0.014760  -0.043596   0.019082  -0.075966  -0.001262  -0.023088  -0.014533   0.008106  -0.001588  -0.011400   0.003233
        12   0.084623  -0.054122   0.000082  -0.054290   0.045863   0.019057  -0.048037  -0.035086  -0.116183   0.021725  -0.003775  -0.001416  -0.048756   0.057687   0.048855   0.016174
        13   0.041577   0.034130  -0.056437  -0.053173   0.051707   0.017717   0.090753  -0.063251   0.112424  -0.045814   0.058836  -0.108905  -0.002674   0.096199   0.000532  -0.004932
        14  -0.060702  -0.018804   0.111573   0.047238  -0.069445   0.100802  -0.001572   0.013999  -0.004533  -0.034275   0.144472  -0.057462   0.012945  -0.105864  -0.057097  -0.014081
        15  -0.020760  -0.079961   0.046491   0.023271  -0.034102   0.103194  -0.011013  -0.004569   0.039739   0.091936   0.057084   0.051672   0.069992  -0.094332  -0.035684   0.028095
        16   0.036870  -0.106626   0.032010   0.030220  -0.054582  -0.053251  -0.058497   0.078276   0.032021  -0.070728   0.023483   0.052857  -0.055511  -0.047830  -0.008593  -0.020065
        17   0.056391   0.006113   0.022698  -0.005783  -0.150679   0.050329  -0.129713   0.037426  -0.001565   0.014645   0.042450   0.050490  -0.054786  -0.025625   0.016744   0.005418
        18  -0.076862  -0.027437   0.014199  -0.055672  -0.040611   0.075405   0.058067  -0.059524   0.002323   0.037072  -0.046160  -0.079410   0.075061   0.082755   0.034152  -0.002749
        19  -0.067530  -0.023978   0.026815  -0.065474   0.008269   0.038451   0.115797  -0.126243   0.050344  -0.016110  -0.082467  -0.039135   0.010378   0.079725   0.052582  -0.028154
        20  -0.022875  -0.015923   0.136951  -0.026869   0.057760   0.076582  -0.055787   0.003690   0.049415   0.038319  -0.006372   0.002376   0.086675  -0.000373   0.038505  -0.022814
