       pos      val_A      val_C      val_G      val_T
         0   1.145313  -0.157020  -0.246000  -0.742293
         1   1.385225   0.826752  -1.316697  -0.895281
         2  -1.351119   0.588443   1.025918  -0.263241
         3  -1.114087   0.665930  -0.958990   1.407148
         4  -0.257607  -0.046861   1.086915  -0.782447
         5  -0.747732  -0.736196   1.203522   0.280407
         6   0.932311  -0.377993  -0.101511  -0.452807
         7   0.911790  -2.048979   1.667301  -0.530112
         8  -1.914947   0.000971   1.153721   0.760255
         9  -0.652014   0.640977  -0.146757   0.157795
        10   0.076843  -0.822941  -0.589334   1.335432
        11   0.736205  -0.962052   0.162504   0.063342
        12  -0.813301  -1.102089   1.643098   0.272292
        13   0.969606  -0.498766   0.530511  -1.001351
        14  -0.040378  -1.802517   0.808880   1.034015
        15   1.863173  -0.531798  -0.208101  -1.123274
        16   0.675946  -1.369590  -0.249835   0.943479
        17  -1.737633   2.699046  -0.953913  -0.007501
        18   1.607584  -0.384555  -0.263529  -0.959500
        19   1.506889  -0.492567  -0.143030  -0.871293
        20   0.508179  -0.533526  -1.806877   1.832224
        21  -0.667746  -0.831435   1.174450   0.324731