      Training/Test  2_bin_train  2_bin_test  10_bin_train  10_bin_test
          2_bin_BVH     0.356732    0.356563      1.144838     1.146696
       2_bin_iterLS     0.387634    0.387866      1.212960     1.214142
         2_bin_MCMC     0.407721    0.407081      1.401646     1.402185
  2_bin_neighbor_LS     0.463302    0.462678      1.470158     1.471072
     2_bin_neighbor     0.481236    0.480071      1.676577     1.677471
          2_bin_dms     0.338339    0.338840      1.126205     1.126910
         10_bin_BVH     0.391119    0.390730      1.290684     1.290969
          10_bin_LS     0.394802    0.394460      1.345511     1.346115
        10_bin_MCMC     0.407016    0.406588      1.434100     1.435194
 10_bin_neighbor_LS     0.489601    0.488857      1.755027     1.756147
    10_bin_neighbor     0.491261    0.490385      1.767459     1.768948
         10_bin_dms     0.381325    0.380591      1.266320     1.265573
               True     0.492494    0.491643      1.776255     1.778220
