# POSITION WT A C G T
  0  T  239.000000  102.000000  166.000000 5714.000000
  1  A 5614.000000  161.000000  113.000000  333.000000
  2  A 5529.000000  163.000000  204.000000  325.000000
  3  T  162.000000  134.000000  125.000000 5800.000000
  4  G  135.000000  115.000000 5770.000000  201.000000
  5  T  138.000000  151.000000  115.000000 5817.000000
  6  G  147.000000  138.000000 5763.000000  173.000000
  7  A 5728.000000  141.000000  177.000000  175.000000
  8  G  238.000000  318.000000 5288.000000  377.000000
  9  T  240.000000  246.000000  190.000000 5545.000000
 10  T  186.000000  174.000000  132.000000 5729.000000
 11  A 5568.000000  178.000000  227.000000  248.000000
 12  G  183.000000  205.000000 5597.000000  236.000000
 13  C  507.000000 5130.000000  288.000000  296.000000
 14  T  115.000000  103.000000  159.000000 5844.000000
 15  C  139.000000 5707.000000  154.000000  221.000000
 16  A 5777.000000  133.000000  137.000000  174.000000
 17  C  190.000000 5673.000000  134.000000  224.000000
 18  T  903.000000  108.000000  409.000000 4801.000000
 19  C  392.000000 5069.000000  302.000000  458.000000
 20  A 5361.000000  140.000000  140.000000  580.000000
 21  T  179.000000  170.000000  130.000000 5742.000000