# POSITION WT           A           C           G           T
          0          T  365.000000  342.000000  369.000000 4729.000000
          1          A 4253.000000  425.000000  453.000000  674.000000
          2          A 4404.000000  389.000000  427.000000  585.000000
          3          T  339.000000  328.000000  380.000000 4758.000000
          4          G  473.000000  396.000000 4387.000000  549.000000
          5          T  420.000000  378.000000  444.000000 4563.000000
          6          G  492.000000  432.000000 4367.000000  514.000000
          7          A 4277.000000  441.000000  481.000000  606.000000
          8          G  434.000000  388.000000 4428.000000  555.000000
          9          T  374.000000  314.000000  442.000000 4675.000000
         10          T  420.000000  389.000000  336.000000 4660.000000
         11          A 4285.000000  457.000000  480.000000  583.000000
         12          G  536.000000  412.000000 4327.000000  530.000000
         13          C  486.000000 4221.000000  460.000000  638.000000
         14          T  464.000000  351.000000  404.000000 4586.000000
         15          C  541.000000 4269.000000  471.000000  524.000000
         16          A 4311.000000  453.000000  468.000000  573.000000
         17          C  529.000000 4228.000000  487.000000  561.000000
         18          T  356.000000  361.000000  334.000000 4754.000000
         19          C  504.000000 4236.000000  476.000000  589.000000
         20          A 4389.000000  387.000000  468.000000  561.000000
         21          T  401.000000  377.000000  371.000000 4656.000000
