# POSITION WT           A           C           G           T
          0          T  593.000000  171.000000  231.000000 6042.000000
          1          A 5743.000000  228.000000  198.000000  868.000000
          2          A 5408.000000  410.000000  468.000000  751.000000
          3          T  122.000000  252.000000   69.000000 6594.000000
          4          G  113.000000   31.000000 6733.000000  160.000000
          5          T  168.000000  121.000000   93.000000 6655.000000
          6          G   43.000000   49.000000 6857.000000   88.000000
          7          A 6577.000000  184.000000  150.000000  126.000000
          8          G  402.000000  765.000000 4945.000000  925.000000
          9          T  475.000000  654.000000  533.000000 5375.000000
         10          T  307.000000  371.000000  307.000000 6052.000000
         11          A 5717.000000  361.000000  479.000000  480.000000
         12          G  345.000000  392.000000 5869.000000  431.000000
         13          C 1150.000000 4610.000000  742.000000  535.000000
         14          T   67.000000   94.000000  129.000000 6747.000000
         15          C   72.000000 6810.000000   32.000000  123.000000
         16          A 6455.000000  106.000000  189.000000  287.000000
         17          C  307.000000 6518.000000   52.000000  160.000000
         18          T 1818.000000  279.000000  895.000000 4045.000000
         19          C 1044.000000 4497.000000  627.000000  869.000000
         20          A 5096.000000  271.000000  187.000000 1483.000000
         21          T  475.000000  176.000000  160.000000 6226.000000
