# POSITION WT A C G T
  0  T  214.000000  206.000000  248.000000 5508.000000
  1  A 5416.000000  264.000000  226.000000  270.000000
  2  A 5446.000000  236.000000  207.000000  287.000000
  3  T  234.000000  209.000000  245.000000 5488.000000
  4  G  248.000000  261.000000 5380.000000  287.000000
  5  T  222.000000  198.000000  277.000000 5479.000000
  6  G  249.000000  289.000000 5329.000000  309.000000
  7  A 5331.000000  223.000000  283.000000  339.000000
  8  G  240.000000  222.000000 5456.000000  258.000000
  9  T  178.000000  159.000000  207.000000 5632.000000
 10  T  228.000000  181.000000  229.000000 5538.000000
 11  A 5414.000000  245.000000  235.000000  282.000000
 12  G  226.000000  267.000000 5400.000000  283.000000
 13  C  190.000000 5396.000000  282.000000  308.000000
 14  T  286.000000  230.000000  221.000000 5439.000000
 15  C  251.000000 5307.000000  300.000000  318.000000
 16  A 5383.000000  274.000000  218.000000  301.000000
 17  C  276.000000 5181.000000  268.000000  451.000000
 18  T  102.000000  154.000000  181.000000 5739.000000
 19  C  251.000000 5410.000000  231.000000  284.000000
 20  A 5308.000000  259.000000  303.000000  306.000000
 21  T  214.000000  133.000000  217.000000 5612.000000
