# POSITION WT A C G T
  0  T  206.000000  195.000000  190.000000 5110.000000
  1  A 4958.000000  238.000000  281.000000  224.000000
  2  A 5072.000000  188.000000  200.000000  241.000000
  3  T  255.000000  204.000000  268.000000 4974.000000
  4  G  290.000000  278.000000 4861.000000  272.000000
  5  T  199.000000  199.000000  270.000000 5033.000000
  6  G  265.000000  303.000000 4813.000000  320.000000
  7  A 4853.000000  230.000000  307.000000  311.000000
  8  G  268.000000  177.000000 4999.000000  257.000000
  9  T  192.000000  109.000000  166.000000 5234.000000
 10  T  211.000000  181.000000  192.000000 5117.000000
 11  A 4984.000000  213.000000  231.000000  273.000000
 12  G  225.000000  213.000000 4981.000000  282.000000
 13  C  184.000000 4967.000000  246.000000  304.000000
 14  T  223.000000  201.000000  248.000000 5029.000000
 15  C  303.000000 4805.000000  292.000000  301.000000
 16  A 4976.000000  236.000000  193.000000  296.000000
 17  C  274.000000 4771.000000  286.000000  370.000000
 18  T  117.000000  149.000000  152.000000 5283.000000
 19  C  192.000000 5040.000000  219.000000  250.000000
 20  A 4937.000000  268.000000  243.000000  253.000000
 21  T  232.000000  137.000000  210.000000 5122.000000