# POSITION WT A C G T
  0  T  226.000000  119.000000  121.000000 5921.000000
  1  A 5865.000000  107.000000   81.000000  334.000000
  2  A 5649.000000  187.000000  220.000000  331.000000
  3  T   99.000000   95.000000   73.000000 6120.000000
  4  G   83.000000   66.000000 6130.000000  108.000000
  5  T  118.000000   59.000000   89.000000 6121.000000
  6  G   85.000000   59.000000 6115.000000  128.000000
  7  A 6085.000000  122.000000   86.000000   94.000000
  8  G  177.000000  308.000000 5492.000000  410.000000
  9  T  214.000000  264.000000  253.000000 5656.000000
 10  T  171.000000  159.000000  178.000000 5879.000000
 11  A 5805.000000  173.000000  208.000000  201.000000
 12  G  149.000000  197.000000 5799.000000  242.000000
 13  C  406.000000 5417.000000  277.000000  287.000000
 14  T   66.000000   53.000000  114.000000 6154.000000
 15  C   87.000000 6126.000000   60.000000  114.000000
 16  A 6068.000000   85.000000   81.000000  153.000000
 17  C  115.000000 6058.000000   68.000000  146.000000
 18  T  526.000000  167.000000  325.000000 5369.000000
 19  C  380.000000 5248.000000  296.000000  463.000000
 20  A 5593.000000  154.000000  101.000000  539.000000
 21  T  177.000000   97.000000   84.000000 6029.000000