# POSITION WT A C G T
  0  T  263.000000  227.000000  230.000000 6960.000000
  1  A 6860.000000  271.000000  228.000000  321.000000
  2  A 6822.000000  262.000000  266.000000  330.000000
  3  T  248.000000  211.000000  283.000000 6938.000000
  4  G  308.000000  268.000000 6748.000000  356.000000
  5  T  274.000000  239.000000  248.000000 6919.000000
  6  G  301.000000  313.000000 6698.000000  368.000000
  7  A 6754.000000  288.000000  273.000000  365.000000
  8  G  286.000000  273.000000 6769.000000  352.000000
  9  T  267.000000  196.000000  239.000000 6978.000000
 10  T  271.000000  220.000000  268.000000 6921.000000
 11  A 6784.000000  265.000000  282.000000  349.000000
 12  G  281.000000  263.000000 6754.000000  382.000000
 13  C  281.000000 6629.000000  336.000000  434.000000
 14  T  251.000000  198.000000  288.000000 6943.000000
 15  C  277.000000 6705.000000  297.000000  401.000000
 16  A 6748.000000  270.000000  268.000000  394.000000
 17  C  349.000000 6534.000000  330.000000  467.000000
 18  T  226.000000  224.000000  221.000000 7009.000000
 19  C  256.000000 6765.000000  260.000000  399.000000
 20  A 6746.000000  278.000000  258.000000  398.000000
 21  T  237.000000  216.000000  253.000000 6974.000000
