# POSITION WT A C G T
  0  T  249.000000  185.000000  205.000000 6150.000000
  1  A 5939.000000  282.000000  217.000000  351.000000
  2  A 5978.000000  242.000000  226.000000  343.000000
  3  T  244.000000  197.000000  244.000000 6104.000000
  4  G  313.000000  248.000000 5910.000000  318.000000
  5  T  245.000000  259.000000  237.000000 6048.000000
  6  G  290.000000  251.000000 5939.000000  309.000000
  7  A 5980.000000  244.000000  262.000000  303.000000
  8  G  334.000000  248.000000 5899.000000  308.000000
  9  T  227.000000  136.000000  204.000000 6222.000000
 10  T  260.000000  169.000000  178.000000 6182.000000
 11  A 5959.000000  224.000000  298.000000  308.000000
 12  G  280.000000  233.000000 5909.000000  367.000000
 13  C  309.000000 5782.000000  285.000000  413.000000
 14  T  243.000000  204.000000  225.000000 6117.000000
 15  C  274.000000 5776.000000  289.000000  450.000000
 16  A 6028.000000  220.000000  278.000000  263.000000
 17  C  298.000000 5830.000000  253.000000  408.000000
 18  T  251.000000  172.000000  217.000000 6149.000000
 19  C  321.000000 5813.000000  250.000000  405.000000
 20  A 5990.000000  207.000000  223.000000  369.000000
 21  T  234.000000  212.000000  249.000000 6094.000000