# POSITION WT A C G T
  0  T  239.000000  204.000000  245.000000 5678.000000
  1  A 5643.000000  226.000000  217.000000  280.000000
  2  A 5625.000000  239.000000  231.000000  271.000000
  3  T  240.000000  207.000000  276.000000 5643.000000
  4  G  261.000000  197.000000 5671.000000  237.000000
  5  T  244.000000  186.000000  227.000000 5709.000000
  6  G  244.000000  260.000000 5582.000000  280.000000
  7  A 5529.000000  246.000000  275.000000  316.000000
  8  G  222.000000  211.000000 5680.000000  253.000000
  9  T  204.000000  184.000000  214.000000 5764.000000
 10  T  219.000000  196.000000  236.000000 5715.000000
 11  A 5611.000000  182.000000  253.000000  320.000000
 12  G  204.000000  283.000000 5633.000000  246.000000
 13  C  263.000000 5474.000000  282.000000  347.000000
 14  T  191.000000  176.000000  229.000000 5770.000000
 15  C  231.000000 5681.000000  225.000000  229.000000
 16  A 5614.000000  237.000000  214.000000  301.000000
 17  C  308.000000 5372.000000  287.000000  399.000000
 18  T  191.000000  148.000000  179.000000 5848.000000
 19  C  280.000000 5475.000000  268.000000  343.000000
 20  A 5562.000000  257.000000  251.000000  296.000000
 21  T  203.000000  128.000000  238.000000 5797.000000
