# POSITION WT A C G T
  0  T  235.000000   87.000000  120.000000 5787.000000
  1  A 5619.000000  113.000000  145.000000  352.000000
  2  A 5534.000000  174.000000  199.000000  322.000000
  3  T   91.000000  101.000000   77.000000 5960.000000
  4  G   97.000000   52.000000 5959.000000  121.000000
  5  T  113.000000   80.000000   84.000000 5952.000000
  6  G   65.000000   57.000000 5996.000000  111.000000
  7  A 5907.000000  139.000000   97.000000   86.000000
  8  G  200.000000  294.000000 5301.000000  434.000000
  9  T  225.000000  242.000000  237.000000 5525.000000
 10  T  133.000000  162.000000  164.000000 5770.000000
 11  A 5647.000000  148.000000  217.000000  217.000000
 12  G  140.000000  174.000000 5738.000000  177.000000
 13  C  435.000000 5157.000000  326.000000  311.000000
 14  T   87.000000   78.000000   83.000000 5981.000000
 15  C   91.000000 5947.000000   67.000000  124.000000
 16  A 5935.000000   80.000000   91.000000  123.000000
 17  C  135.000000 5856.000000   82.000000  156.000000
 18  T  599.000000  122.000000  396.000000 5112.000000
 19  C  440.000000 5096.000000  261.000000  432.000000
 20  A 5380.000000  179.000000  115.000000  555.000000
 21  T  169.000000   96.000000  101.000000 5863.000000