  pos      val_A      val_C      val_G      val_T
   37  -0.001021  -0.008098   0.008634   0.000485
   38  -0.023262   0.071417   0.091064  -0.139219
   39  -0.063784  -0.087259  -0.037710   0.188754
   40  -0.001732  -0.163274   0.003719   0.161287
   41  -0.250925  -0.139379   0.319945   0.070360
   42   0.155600  -0.138213   0.089534  -0.106921
   43  -0.099979   0.196298  -0.189030   0.092711
   44   0.097180  -0.074328  -0.036118   0.013266
   45   0.039044  -0.032802  -0.008959   0.002717
   46  -0.001435  -0.013000   0.023012  -0.008577
   47   0.015925  -0.015204   0.006639  -0.007360
   48  -0.011936   0.006224  -0.011182   0.016894
   49   0.038499  -0.033685   0.011057  -0.015870
   50  -0.023286   0.002577   0.004859   0.015850
   51   0.060431  -0.019333   0.013758  -0.054857
   52  -0.008547   0.024192   0.010867  -0.026512
   53  -0.003109  -0.011434  -0.000806   0.015349
   54  -0.000341  -0.003523  -0.014647   0.018510
   55   0.001185  -0.001752  -0.011749   0.012316
   56  -0.002343  -0.010250  -0.004940   0.017533
   57   0.010177  -0.016876  -0.022352   0.029051
   58  -0.032578  -0.018098  -0.019475   0.070151
   59   0.076367  -0.040980   0.037937  -0.073324
   60   0.013847  -0.043554   0.049648  -0.019941
   61  -0.003121  -0.127581   0.144983  -0.014281
   62  -0.044112  -0.006771   0.036787   0.014096
   63   0.061584  -0.065037  -0.183572   0.187025
   64   0.351799  -0.180173  -0.094557  -0.077069
   65   0.041803  -0.059683  -0.057847   0.075727
   66   0.131808  -0.019077  -0.051541  -0.061190
   67   0.118172   0.031855  -0.071950  -0.078078
   68   0.007959  -0.137654  -0.093088   0.222782
   69   0.081144  -0.073275   0.015789  -0.023658
   70   0.031161  -0.061532  -0.001141   0.031511
