  pos      val_A      val_C      val_G      val_T
   37   0.021151  -0.025318   0.016989  -0.012822
   38  -0.015095   0.046818   0.090417  -0.122140
   39  -0.009517  -0.150447  -0.001844   0.161808
   40  -0.020496  -0.040260  -0.020223   0.080979
   41  -0.255419  -0.256207   0.377994   0.133633
   42   0.157634  -0.178043   0.123373  -0.102964
   43  -0.179886   0.147132  -0.136301   0.169055
   44   0.117922  -0.117200  -0.032999   0.032276
   45   0.033546  -0.030419  -0.012170   0.009044
   46   0.002451  -0.025131   0.023464  -0.000784
   47   0.006118  -0.012541   0.023266  -0.016843
   48  -0.004040  -0.011475  -0.002845   0.018361
   49   0.046117  -0.028586   0.007540  -0.025071
   50  -0.024751  -0.005958   0.000167   0.030543
   51   0.075887  -0.018515   0.004503  -0.061875
   52   0.002728   0.014597   0.005921  -0.023246
   53  -0.000266  -0.006415  -0.008727   0.015409
   54   0.001541  -0.008306  -0.000269   0.007033
   55   0.027643  -0.011663  -0.010908  -0.005072
   56  -0.003600  -0.008107   0.005979   0.005727
   57   0.009785  -0.016524  -0.014493   0.021232
   58  -0.019395  -0.024065  -0.025408   0.068868
   59   0.078132  -0.037718   0.036637  -0.077052
   60  -0.007796  -0.033798   0.062662  -0.021068
   61  -0.000633  -0.133427   0.147346  -0.013286
   62  -0.032972  -0.016803   0.038312   0.011463
   63   0.016683  -0.069397  -0.138491   0.191205
   64   0.268922  -0.110502  -0.036194  -0.122226
   65   0.030093  -0.050622  -0.061473   0.082003
   66   0.136325  -0.009659  -0.052781  -0.073885
   67   0.114527   0.043589  -0.071782  -0.086334
   68  -0.052818  -0.067598  -0.101597   0.222013
   69   0.068678  -0.050221   0.012712  -0.031168
   70   0.026399  -0.057195   0.001750   0.029045
