  pos     val_AA     val_AC     val_AG     val_AT     val_CA     val_CC     val_CG     val_CT     val_GA     val_GC     val_GG     val_GT     val_TA     val_TC     val_TG     val_TT
   37  -3.203838   3.401876   0.610891   4.859844  -3.746838  -5.975998   0.243513  -5.013720  -1.255011   1.452167   1.395622   1.678449   8.975041  -3.653246   4.454847  -4.223599
   38  -2.856449   3.929313   4.068318  -4.371828   1.648026 -13.443687 -13.930611  20.951073  -4.843878   5.993623   1.725430   3.829698   1.028315  -0.418742  12.516407 -15.825006
   39  -9.448297   9.480037   1.642917  -6.698644  -1.493071  -1.000187  -2.148872   0.702637   5.147277  11.836353  -1.066577 -11.537510   6.411852 -21.095298   2.422323  16.845060
   40   9.412623  11.559586 -16.959472  -3.394976  14.540317   2.784766  -6.832252 -11.271927  -8.299143   1.080111   4.479150   3.589673 -21.716769 -17.482665  25.687050  12.823927
   41 -14.321206  -1.030809   3.756400   5.532644  -8.900662  11.251991  -1.970317  -2.439214  21.618111  -3.617843  -9.276484  -2.349308   1.957800  -8.543167   7.076062   1.256003
   42 -10.587991  23.819685 -16.875782   3.998131  -2.988304  -6.461815   6.047162   1.463128  11.118621   1.759641 -10.708042  -2.584559   3.540608 -17.765534  17.355862  -1.130812
   43  -6.093574   7.674755   0.609455  -1.107703  11.096830  -8.490741  -5.373138   4.119026  -4.884190  -2.234816  -0.972870   3.911077   1.434611   3.387191   6.327175  -9.403088
   44  -0.421589   1.210881   4.374152  -3.609766   1.117551  -4.152054  -3.459298   6.830190   9.104759  -2.788414  -1.114480  -4.611243  -6.395328   1.813456  -3.158494   5.259678
   45   5.064076  -1.861204  -1.497066   1.699587  -1.798675  -2.527479   1.337292  -0.927270  -4.562657   4.555619  -1.331671  -2.019411  -0.087974   0.768909   2.511742   0.676182
   46   1.769665  -8.622320   4.509086   0.958340   0.183435   2.940675   0.650091  -2.838355  -6.647317   7.647081  -1.544390   1.564922   5.198476  -2.348667  -3.755017   0.334296
   47   0.974822   5.011786  -2.172348  -3.310000   1.954691  -3.867086  -0.112827   1.641991  -1.952120  -5.051200   0.775413   6.087676  -0.597226   2.166879   1.818984  -3.369434
   48  -3.225014   4.360878  -0.555243  -0.200454   0.725510   0.038512  -2.816282   0.312639  -1.393781  -3.871658   1.196271   4.378389   4.635639  -2.030279   2.162843  -3.717970
   49  -1.948463   3.883638  -3.366214   2.173393  -7.320205   9.638798  -5.085459   1.264319   1.565262 -10.166919   7.425840   1.163406   8.161521  -4.197661   0.594684  -3.785941
   50   0.371733  -1.126625  -3.366886   4.579893   1.810146   0.294057  -4.343111   1.396766  -7.620796   0.892591   6.222574   0.074481   6.344074  -0.714428   1.647690  -6.462159
   51   1.128568   5.729471  -2.892090  -3.060792   1.069698  -0.962196  -6.380117   5.618210  -3.533857  -1.458581   1.343992   3.808712   3.493715  -3.084191   7.991963  -8.812506
   52   5.570265   2.105263  -5.899979   0.382575   1.940651  -3.904646  -1.817729   4.006227  -9.045779   5.397008   2.575088   1.137432   0.789753  -0.740378   2.301917  -4.797667
   53  -6.825791  10.264155  -1.004279  -3.179197   8.145911  -7.342947   2.486882  -0.432599  -5.850285  -6.458843   1.578088   7.890337   1.956794   2.421909  -2.028836  -1.621300
   54   1.392984   2.652861  -5.508644  -1.110572   2.346204  -1.876527  -4.394457   2.809055  -1.352440  -1.453634   0.477058   3.360870  -1.735680  -0.288793   7.382300  -2.700586
   55   0.261577   2.279529  -5.952714   4.062675  -1.102326   0.696239  -1.829331   1.269325   0.522866  -4.321902   5.503738  -3.748444   1.451685   0.466492   0.579045  -0.138456
   56   1.326927  -1.355056  -0.493600   1.655531   1.995564  -1.072538  -1.841259   0.038592   2.103642  -1.757265   1.696358  -3.741996  -5.378773   3.374207  -1.252351   4.702018
   57  -5.957532   1.949265  -1.711421   5.767047   5.267873  -5.250644  -2.796808   1.968927  -1.089411  -0.836917   0.981675  -0.946199  -0.607849   2.548548   0.407657   0.305789
   58  -2.281167  -1.268755   0.824872   0.338130   0.923146  -1.962111   7.047571  -7.598354   3.387055  -0.728532  -4.355726  -1.421693   1.406523   1.731785   0.251836   3.705420
   59 -10.423124  10.000919  -4.644385   8.502147   0.836653  -4.209387   3.913908  -2.768788   4.630364  -1.732094  -2.982436   3.852720   1.806260  -4.313643   4.284761  -6.753875
   60  -6.713081   3.433574   0.481247  -0.351588   2.630470  -2.756284 -11.636884  11.508493  -0.739003   3.184909  -6.443211   4.569154   1.707748  -9.549466  21.310115 -10.636193
   61  -5.487266   5.263670   3.416536  -6.306807  -7.303527  -0.897332  -4.449153   6.962745   5.949208   0.628741  -1.244305  -1.622377   3.702608  -6.019838   1.607044   5.800052
   62 -10.427812  -2.143163   4.472252   4.959747   3.255582   4.053703  -0.780482  -7.553562  -9.352574   6.121577  -8.027246  10.588365  25.767036  -9.719227   1.189249 -12.403444
   63   0.835827  -1.304041   3.499719   6.210727  -9.009403   0.554094   9.991817  -3.223618 -20.448328  10.133143  -3.221966  10.390924  37.457608 -14.499880 -14.898646 -12.467975
   64   3.624309  -5.479324  -7.098814  17.789532 -14.723167   4.013119   5.528252   0.065112   4.080909   4.374311  -7.715350  -5.368945   5.490923   0.659614   7.293220 -12.533700
   65  -4.471013   7.585392   2.211062  -6.852467   1.213479  -5.883291  -4.840577  13.078109  -7.959054  -2.488224   3.415500   5.039087  14.294610  -2.283910  -3.266927  -8.791775
   66  -5.854815   2.397641   1.362792   5.172404   5.628798  -4.373320  -8.042270   3.716758   1.344103   1.333359  -1.647691  -3.510714   3.826570  -0.242195   7.461743  -8.573164
   67 -10.734144  -2.766962   1.371401  17.074361  -8.066624   4.177024  -6.465425   9.470510   2.836285   3.787051  -2.162220  -5.326541  10.105427  -8.976155  -2.487401  -1.836587
   68  -7.003010  -2.630702   2.040843   1.733814  -3.865606   4.876040 -14.198268   9.408791  -0.672369   2.626791  -5.237610  -6.460458  12.982751  -4.599632  13.131094  -2.132470
   69   6.880339  -6.798252  -6.572477   7.932155  -2.155188  -6.390293   4.524432   4.293547   4.528148 -13.489283   0.087368   4.609825   6.747486  -6.183105  -0.146410   2.131708
