  pos     val_AA     val_AC     val_AG     val_AT     val_CA     val_CC     val_CG     val_CT     val_GA     val_GC     val_GG     val_GT     val_TA     val_TC     val_TG     val_TT
   37  -9.034433   2.363038   0.307186  -5.366797   0.718152  -3.774257   5.651609   5.169607  -3.608057   1.715880   4.357148   1.000791  12.992358  -1.991060  -7.631672  -2.869493
   38   5.275921 -11.691790   9.533136  -2.049247 -12.132210  -4.797337   1.573224  13.669925  -1.304672  10.534852 -13.246110   6.700201   7.399671   4.444133   1.535588 -15.445284
   39  -1.234535   6.049815  -3.245520  -2.331050  -3.944549  12.081773  -2.724487  -6.922880  11.216645  -1.079395  -4.270302  -6.471110  -4.658137 -17.778928   7.596935  17.715725
   40   1.322429   9.938617 -11.957759   2.076137  12.371146  -1.801429  -5.492480  -5.803972  -5.650914   0.412501   1.234057   1.360982 -13.468056 -10.169426  21.596013   4.032154
   41 -15.278666  -0.369654   6.034653   4.188271 -14.237709  11.639674  -1.381586   2.359886  20.797713  -1.872217 -14.507118   0.961453   7.030693  -9.993934   9.488099  -4.859558
   42 -14.970283  19.545955 -16.965832  10.702191   9.817285  -9.542858   5.796882  -6.667440   8.191474   0.771240  -2.038072  -7.290594   0.234194  -9.175066  11.772973  -0.182049
   43  -4.430007   9.345435  -0.403248  -1.239510   8.548474  -8.435399  -2.681585   4.167781  -3.335634  -3.455667   3.735997   1.621256   2.585829   1.112968  -2.566105  -4.570583
   44   2.045005  -0.696665   2.385675  -0.365354   5.497134  -0.182590   3.156970  -9.904177  -1.682931  -0.764429  -2.207240   2.739660  -5.640707  -0.532236  -3.518885   9.670771
   45   2.684329   1.916097  -6.740659   2.358732   0.889630  -0.358942  -2.710846   0.004238   0.367998  -2.316032   5.401455  -3.636901  -4.747549   0.274876   8.202091  -1.588518
   46  -2.223273  -6.034420   6.007598   1.444504  -8.959668   8.354083   4.595167  -4.473583   9.307667   7.167669 -13.178104   0.854809   2.853344 -10.037956   0.997646   3.324518
   47  -4.120632   1.954415   6.382221  -3.237934  -1.524053  -1.025152  -6.943888   8.942469   4.363643   2.696985 -12.295550   3.657229   0.067814  -1.220981   9.076269  -6.772854
   48   0.299602   3.703960   2.318010  -7.534801  -4.475386  -0.308625  -8.060579  15.249856  -0.791956   2.418817  -2.843436  -2.564373   5.159007  -4.934268   5.447734  -3.083562
   49  -2.271167  -2.784345   3.988274   1.258505  -4.968142  10.279847  -5.114505   0.682685  -1.620901  -3.950178  -1.489600   3.922408   7.401527  -2.496061   2.330279  -5.168625
   50 -11.873881   9.510730   0.950149  -0.045682  -1.845106   1.278815   1.191974   0.423580   7.698954  -8.696882  -2.325053   3.037429   6.957991  -3.350617   0.293153  -3.205554
   51   2.117437   4.206981   0.995847  -6.382307  -4.003120   2.994494  -7.548459   7.299132  -2.204907  -0.500926   1.363684   1.452371   4.704356  -4.730253   6.516876  -6.281206
   52  -7.375625   7.708957  -0.910785   1.191219   0.668003  -0.874136   1.775624   0.400805   2.490284   3.829724  -3.701496  -1.290563   4.486288  -8.849376   1.150281  -0.699203
   53  -2.573080   7.094281  -2.990683  -1.261568   0.928095   0.145935   5.015466  -4.274326   2.461610  -3.386191  -2.800754   2.038958  -0.406183  -3.413712   0.658264   2.763889
   54  -1.523221   1.004604  -1.335514   2.264573   6.265702   1.060964  -3.502713  -3.383640  -9.561274  -2.981506   7.064058   5.361014   5.189297   0.062525  -3.556286  -2.428583
   55   1.655287  -1.205681   0.730529  -0.809631   3.611025  -0.800005  -2.324698  -1.339735  -5.368120   2.304536   1.057754   0.675376  -1.755972  -0.830443   1.396758   3.003020
   56  -5.840465   0.446215  -0.847868   4.384339  -2.644846  -0.276654  -0.154515   2.544421   8.025674  -5.353941   1.409218  -3.220609  -1.009740   3.894554  -1.956282   0.600497
   57  -7.563157  -4.750541   6.928160   3.916162   1.260172   0.260891  -0.421176  -2.389713  -0.790849  -1.846147  -1.202926   2.290475   3.555448   6.043305  -5.902562   0.612458
   58  -5.065184   1.607943  -1.501669   1.420525   0.190314  -0.843834   2.016219  -1.655190   2.746676  -1.481499  -3.295103   1.431422   1.791203   0.423433   4.521707  -2.306962
   59  -2.656457  -4.211122  -2.786460   9.317048   1.670204   0.881593   0.960563  -3.806318  -0.063253  -8.771055   3.349609   7.225853   1.244590   8.531935   0.574744 -11.461473
   60  -7.460542  -3.688631  -0.268128  11.612386   0.347430  -3.174375   1.565972  -2.307677   4.968612   2.628155  -5.807820   0.309508   2.461634  -4.426969  10.662129  -7.421685
   61   8.489214  -3.925327  -4.766069   0.519316  -4.287179  -4.538719  -2.002711   2.166789   4.397350  -0.759801   0.616837   1.897768  -8.238274   7.559860   2.872292  -0.001346
   62  -6.131004   5.650773   5.824483  -4.983142   1.468177  -8.402702   5.780699  -0.510160  -8.365915   4.137843  -8.485346   9.433767  21.225338  -3.960532  -1.966483 -10.715796
   63   3.014923   9.646762   3.027921  -7.493010 -11.907351  -0.568382   4.569331   5.331783 -18.091168   4.393094   6.079324   8.772104  33.299044 -15.455220 -13.655017 -10.964139
   64  -1.164153  -2.947985  -2.638579  13.066166   3.968087  -7.686571   3.277509  -1.542773   3.227854   6.954993  -1.443880  -8.717408  -3.474879   1.817793   0.098846  -2.795021
   65   2.428734   3.895211   3.792399  -7.559435 -10.711533   5.880935  -3.331387   6.300215  -0.757335  -6.538792  -3.882390  10.472414  13.282520  -3.661763  -0.308350  -9.301444
   66  -3.772928   9.500602  -1.263375  -0.221912   7.247946  -1.745298 -10.291571   4.364515  -0.040408   1.107378  -0.328279  -4.468418  -0.036461  -5.929068   9.611419  -3.734141
   67  -6.671626  11.507418 -16.462751  15.025109  -8.859109   0.033266   9.887236   1.872221   2.220897  -5.496756   3.619914  -2.615862   9.440059 -11.498471  -1.879391  -0.122153
   68  -1.262992   6.035018  -1.528132  -7.113673   0.833676   5.745685 -10.291766  -1.742139   1.637445 -14.053610  -4.461828  12.043001   2.789979   1.336486  11.615694  -1.582843
   69  -9.890537  -7.099025  10.194851  10.792819   4.001078  -6.349514   2.512314  -1.100298   4.238122 -14.761079   1.911459   3.945465  16.427050 -14.402543  -2.306524   1.886362
