  pos      val_A      val_C      val_G      val_T
   37   0.017080  -0.021025   0.012010  -0.008065
   38  -0.031352   0.069827   0.072043  -0.110518
   39  -0.075536  -0.086763  -0.076403   0.238703
   40   0.004996  -0.190432   0.035497   0.149938
   41  -0.232147  -0.155196   0.291528   0.095815
   42   0.139934  -0.097012   0.030922  -0.073845
   43  -0.069617   0.190205  -0.161246   0.040659
   44   0.080286  -0.061373  -0.032170   0.013257
   45   0.033196  -0.032803  -0.019209   0.018816
   46  -0.012212  -0.012053   0.026345  -0.002080
   47   0.013835  -0.008531   0.008387  -0.013691
   48  -0.017648  -0.000637   0.005731   0.012554
   49   0.036876  -0.017580   0.014378  -0.033673
   50  -0.026380  -0.007017   0.008418   0.024979
   51   0.060563  -0.013910   0.002130  -0.048784
   52   0.003023   0.011059   0.017754  -0.031835
   53  -0.016936   0.000725   0.003346   0.012866
   54   0.002110  -0.006798  -0.007850   0.012538
   55   0.000736  -0.006295  -0.000530   0.006089
   56   0.007079  -0.010209  -0.009973   0.013103
   57   0.009472  -0.020043  -0.016104   0.026674
   58  -0.030395  -0.016821  -0.020967   0.068183
   59   0.087884  -0.037803   0.030228  -0.080309
   60   0.002431  -0.028424   0.053182  -0.027189
   61  -0.008659  -0.120350   0.137017  -0.008008
   62  -0.023079  -0.038989   0.041720   0.020348
   63   0.037477  -0.046315  -0.201904   0.210742
   64   0.394078  -0.171912  -0.099550  -0.122616
   65   0.008477  -0.038923  -0.042570   0.073016
   66   0.124389  -0.014282  -0.049165  -0.060942
   67   0.111667   0.028182  -0.065897  -0.073952
   68   0.017406  -0.132551  -0.131795   0.246940
   69   0.074110  -0.054392   0.006316  -0.026034
   70   0.031997  -0.064973   0.003697   0.029279
