  pos      val_A      val_C      val_G      val_T
   37   0.010958  -0.012955   0.011947  -0.009951
   38  -0.030759   0.069580   0.084945  -0.123766
   39  -0.103451  -0.100134  -0.022061   0.225646
   40  -0.014263  -0.171636   0.024382   0.161516
   41  -0.246234  -0.169131   0.317602   0.097763
   42   0.150660  -0.137419   0.038678  -0.051919
   43  -0.082303   0.189118  -0.149469   0.042654
   44   0.083854  -0.064812  -0.041338   0.022297
   45   0.024685  -0.026935  -0.009236   0.011485
   46   0.006820  -0.037201   0.038587  -0.008206
   47   0.014935  -0.012501   0.004674  -0.007108
   48  -0.012688  -0.010484   0.010443   0.012729
   49   0.036706  -0.020444   0.018502  -0.034764
   50  -0.021640   0.001305   0.006488   0.013846
   51   0.062883  -0.014252  -0.001057  -0.047575
   52   0.001667   0.017598   0.015524  -0.034789
   53  -0.008205  -0.009801   0.004912   0.013095
   54   0.005892  -0.005775  -0.009710   0.009593
   55   0.029907  -0.011548  -0.018359  -0.000001
   56   0.002264  -0.006834   0.001769   0.002801
   57   0.010486  -0.015967  -0.018892   0.024373
   58  -0.031146  -0.017364  -0.017197   0.065707
   59   0.068894  -0.033809   0.040769  -0.075854
   60  -0.002519  -0.032108   0.054455  -0.019829
   61  -0.010927  -0.119966   0.134338  -0.003445
   62  -0.033251  -0.019668   0.039010   0.013909
   63   0.053241  -0.089582  -0.156486   0.192826
   64   0.374003  -0.124121  -0.119275  -0.130607
   65   0.035984  -0.061697  -0.053724   0.079437
   66   0.128444   0.003109  -0.056586  -0.074968
   67   0.116044   0.028090  -0.064277  -0.079857
   68  -0.003515  -0.140997  -0.094163   0.238676
   69   0.076503  -0.052655   0.006515  -0.030363
   70   0.034881  -0.086285   0.021761   0.029643
