  pos      val_A      val_C      val_G      val_T
   37   0.020169  -0.015381   0.009750  -0.014538
   38  -0.027142   0.079846   0.095136  -0.147840
   39  -0.104764  -0.101702  -0.077379   0.283845
   40  -0.002120  -0.210398   0.030249   0.182269
   41  -0.210380  -0.135428   0.270091   0.075717
   42   0.155945  -0.073260  -0.014522  -0.068163
   43  -0.056283   0.222742  -0.155991  -0.010469
   44   0.076578  -0.069960  -0.037362   0.030743
   45   0.021094  -0.029547  -0.018422   0.026876
   46   0.009270  -0.005794   0.001342  -0.004818
   47   0.003154  -0.009922   0.004690   0.002078
   48  -0.004458  -0.001070   0.001768   0.003760
   49   0.019630  -0.010650   0.018883  -0.027863
   50  -0.018343  -0.001719   0.013083   0.006978
   51   0.025743   0.000381   0.015200  -0.041323
   52  -0.012812   0.013492   0.017966  -0.018647
   53  -0.004362   0.007835  -0.006429   0.002956
   54  -0.006449  -0.000841  -0.007058   0.014348
   55   0.001349   0.000202  -0.008190   0.006639
   56  -0.009106  -0.002637  -0.001261   0.013004
   57   0.008537  -0.015500  -0.017916   0.024878
   58  -0.026867  -0.018645  -0.017716   0.063228
   59   0.075997  -0.033153   0.041790  -0.084635
   60  -0.004972  -0.024280   0.051297  -0.022045
   61  -0.003749  -0.109104   0.119453  -0.006600
   62  -0.027883  -0.025760   0.037597   0.016046
   63   0.013038  -0.048644  -0.178249   0.213855
   64   0.388080  -0.150946  -0.155692  -0.081443
   65   0.023422  -0.046980  -0.052015   0.075573
   66   0.128823  -0.020133  -0.048035  -0.060655
   67   0.107743   0.021962  -0.061668  -0.068037
   68   0.021026  -0.154594  -0.105357   0.238925
   69   0.066208  -0.042438   0.012355  -0.036125
   70   0.019803  -0.053513   0.004404   0.029306
