      Training/Test  2_bin_train  2_bin_test  10_bin_train  10_bin_test
          2_bin_BVH     0.413691    0.413166      1.176762     1.175449
       2_bin_iterLS     0.417898    0.417550      1.148757     1.146275
         2_bin_MCMC     0.458318    0.457850      1.446358     1.443777
  2_bin_neighbor_LS     0.482337    0.482075      1.396211     1.392945
     2_bin_neighbor     0.515733    0.515253      1.701011     1.697749
         10_bin_BVH     0.439137    0.438445      1.357538     1.355347
          10_bin_LS     0.433991    0.433541      1.316239     1.313349
        10_bin_MCMC     0.457236    0.456756      1.465483     1.462820
 10_bin_neighbor_LS     0.521035    0.521100      1.756527     1.754043
    10_bin_neighbor     0.523136    0.523303      1.770401     1.768095