       pos     val_AA     val_AC     val_AG     val_AT     val_CA     val_CC     val_CG     val_CT     val_GA     val_GC     val_GG     val_GT     val_TA     val_TC     val_TG     val_TT
         0  -0.019220  -0.069522  -0.051105   0.018354   0.004679  -0.003184  -0.002793   0.030888  -0.007024  -0.074241  -0.071718  -0.010332  -0.045753  -0.042192  -0.047123   0.019901
         1   0.131707   0.005222   0.002163  -0.055289   0.022770   0.095421   0.045435  -0.095655   0.090211  -0.001844   0.024776  -0.070937   0.019303   0.019810  -0.030368   0.024280
         2  -0.029570  -0.117800   0.016151   0.051193  -0.061859  -0.088410  -0.036899   0.051574  -0.042632  -0.135737  -0.077274  -0.007057   0.001703   0.110118   0.007088  -0.009393
         3   0.021172   0.031430   0.058352  -0.000725   0.036419  -0.060343   0.042558  -0.024318   0.035939   0.065693   0.029918   0.015952  -0.011691   0.007457  -0.014206   0.047773
         4   0.132288  -0.013853   0.012615  -0.008776   0.013201  -0.005105  -0.056806   0.001395  -0.081022  -0.020611   0.155285  -0.007785  -0.042905   0.005079  -0.050035   0.001951
         5   0.044897  -0.130928   0.051670  -0.070158  -0.093344   0.000398  -0.032923  -0.012437   0.000892  -0.035670   0.033048   0.005790  -0.026536   0.086271  -0.088624  -0.031310
         6   0.028412  -0.040221   0.030750  -0.056733  -0.017911   0.019186  -0.016035  -0.071621   0.022356   0.012305   0.068675  -0.067721  -0.038311  -0.005520  -0.043915  -0.002891
         7  -0.053048  -0.030935  -0.016550  -0.006665  -0.078306   0.026635  -0.040916  -0.042674  -0.033069  -0.001264  -0.043692   0.003587   0.025293   0.028841   0.046906  -0.037473
         8  -0.028245   0.004597  -0.077365  -0.032997  -0.016351   0.011534   0.005952   0.006931  -0.023266  -0.031627   0.005020  -0.003675  -0.086326  -0.016396  -0.067850  -0.018782
         9  -0.025369   0.022389  -0.048241   0.013940  -0.007206   0.007872   0.122398  -0.013186   0.009753  -0.057232  -0.011734  -0.021982  -0.027827  -0.007731  -0.039371  -0.004281
        10  -0.010660  -0.031416   0.009998  -0.000878  -0.018931   0.015451  -0.045333   0.014813   0.046946   0.010174  -0.015726   0.013861  -0.021542  -0.049616  -0.056550   0.003009
        11   0.039219   0.029668   0.041029  -0.045781   0.041143   0.070368   0.040091  -0.065980   0.066033   0.032300   0.047048  -0.090851  -0.018897   0.046046   0.006397   0.028545
        12   0.033595  -0.017882  -0.018673   0.005650   0.020027  -0.003744   0.041493   0.007078   0.042720   0.026569  -0.075108   0.010357  -0.010651  -0.008233  -0.019364   0.018043
        13   0.069305   0.081074  -0.035491  -0.014262   0.029012   0.024995   0.004278  -0.013744  -0.005859  -0.099812   0.002901   0.018501  -0.025389  -0.008690  -0.034267   0.000043
        14   0.046046  -0.058075   0.061132   0.033343   0.013476   0.012560   0.048726  -0.041223   0.035517   0.009361   0.020121  -0.005225   0.020712   0.034071   0.006129   0.010436
        15   0.028639   0.029574   0.017984  -0.013669   0.013736   0.013429   0.012441  -0.011030   0.073013   0.046758  -0.007301  -0.019644   0.047003   0.091571   0.021829   0.039825
        16  -0.071045   0.035993   0.035617  -0.047306   0.028141  -0.029445   0.005652  -0.035169  -0.045197  -0.041763  -0.004306  -0.036406  -0.005457  -0.009621   0.017853  -0.033019
        17   0.049778  -0.001321  -0.061935  -0.095770  -0.021532   0.001512  -0.017753  -0.068128  -0.006608  -0.008161   0.039263  -0.030314   0.007073   0.011557   0.015180  -0.003938
        18  -0.009459   0.006628   0.018233   0.011227   0.003048   0.008374  -0.007056   0.011698  -0.013366   0.009162   0.006971   0.007119   0.051040   0.011539   0.042948  -0.017295
        19  -0.033686   0.070722   0.029914   0.000915   0.016334   0.006488   0.031581   0.023162   0.022725   0.068360   0.036801   0.050208  -0.069541  -0.041761   0.012359  -0.010389
        20   0.059070  -0.030816   0.015302  -0.052992  -0.000920   0.033974   0.043530  -0.000073   0.017784   0.005932   0.025368  -0.018411  -0.021124   0.055762  -0.012624  -0.016984
        21   0.058803  -0.004415  -0.018289   0.031500   0.002426  -0.004904  -0.067465   0.049393  -0.055317  -0.022015  -0.040135   0.034415  -0.060009  -0.048487  -0.069920  -0.028810
        22   0.014500   0.057384   0.019913  -0.043856   0.014012   0.031056  -0.010739   0.031055  -0.021639  -0.013051   0.005488  -0.011708  -0.023571   0.045291  -0.080774   0.012571
        23  -0.020968  -0.001066  -0.028643   0.038009   0.019868   0.025422   0.025615  -0.013413  -0.061880  -0.007277  -0.033299   0.008523  -0.039313   0.021530  -0.137630   0.008113
        24   0.059868  -0.004626   0.004162  -0.034487   0.064815   0.018039   0.049739   0.020894  -0.004486  -0.022048  -0.004778  -0.033902  -0.005551   0.077464  -0.034377   0.030808
        25   0.027238   0.060968  -0.017793   0.016990   0.018203  -0.030134   0.010588   0.041882   0.016003  -0.010749   0.053519  -0.026564  -0.215607   0.000762   0.022188   0.021355
        26  -0.067270  -0.036816  -0.066584  -0.066682   0.004508  -0.003571  -0.008501  -0.062701   0.052254  -0.002941   0.032929  -0.076917  -0.152452   0.056894   0.032254   0.030327
        27  -0.057193   0.001061   0.021932  -0.111093  -0.009330   0.034240   0.008357   0.022223   0.023195   0.002579   0.047691   0.022087   0.040641   0.021750   0.025876   0.030521
        28  -0.059142  -0.027283  -0.021684   0.024980  -0.000532   0.011715  -0.010908  -0.023615   0.023433   0.044979  -0.030180   0.013511  -0.047464  -0.003006   0.009943   0.013917
        29   0.019145  -0.001066  -0.046445  -0.094625   0.004267   0.016846   0.065106  -0.015992  -0.032826   0.010050   0.031186  -0.000523  -0.023600   0.026138  -0.044643   0.004664
        30  -0.000920   0.056747   0.055157  -0.123434   0.056147  -0.014242   0.017273  -0.101354   0.044819   0.044357  -0.022707  -0.024305   0.042659   0.082266   0.065673   0.005720
        31   0.035088   0.043861   0.034776  -0.072713   0.047185  -0.051700   0.038052   0.009560  -0.006664  -0.000305   0.038994  -0.047325  -0.109788  -0.013852  -0.096044  -0.034244
        32  -0.048573   0.046669   0.009206  -0.034928  -0.037744   0.011136   0.043963  -0.021555  -0.042196   0.062051  -0.006714  -0.014713  -0.046164  -0.017144  -0.009686  -0.007202