       pos      val_A      val_C      val_G      val_T
         0  -0.097249  -0.474217   0.743874  -0.172408
         1   0.622488   1.005727   0.863747  -2.491961
         2  -0.540410   0.596462   1.322707  -1.378759
         3   0.464731  -1.461098  -0.073709   1.070075
         4  -2.348719   0.568690   1.116582   0.663447
         5  -2.534559   1.446720   0.654640   0.433198
         6  -0.788545   1.969762  -2.120790   0.939573
         7   0.129772   0.451531  -0.626757   0.045454
         8   1.305710  -1.757795   0.348809   0.103275
         9   0.013788  -0.210785   0.381119  -0.184122
        10   0.471402  -0.491228   0.294237  -0.274411
        11  -0.346268   0.217226  -0.150609   0.279652
        12   0.896500  -0.417033   0.257559  -0.737027
        13  -0.390107  -0.070073   0.175548   0.284631
        14   1.791538  -0.331250   0.235617  -1.695905
        15  -0.031542   0.563430   0.391769  -0.923658
        16   0.040608  -0.235778  -0.103713   0.298883
        17   0.071077   0.058937  -0.432000   0.301986
        18   0.142699   0.086110  -0.009545  -0.219264
        19   0.104067  -0.040839   0.156739  -0.219968
        20   0.388498  -0.219581  -0.422525   0.253608
        21  -0.584676  -0.321661  -0.277029   1.183365
        22   1.808242  -0.731659   1.077562  -2.154146
        23   0.397581  -1.015539   1.356875  -0.738918
        24   0.666512  -2.075992   1.643722  -0.234241
        25  -0.572095  -0.068442   0.838739  -0.198203
        26   0.070099  -0.743017  -1.721948   2.394865
        27   3.500180  -1.067554  -0.847723  -1.584903
        28   0.566477  -0.749101  -0.924602   1.107225
        29   2.365049  -0.006682  -0.721786  -1.636581
        30   1.645471   1.096901  -1.341911  -1.400461
        31  -0.834275   0.014085  -0.459214   1.279404
        32   0.927749  -0.864525   0.022907  -0.086131
        33   1.147846  -0.263326  -0.895177   0.010657