       pos      val_A      val_C      val_G      val_T
         0  -0.088584  -0.400535   0.609955  -0.120836
         1   0.508473   1.123374   0.813555  -2.445402
         2  -0.407745   0.321751   1.096036  -1.010042
         3   0.567462  -1.625719   0.119000   0.939257
         4  -2.405980   0.112061   1.192709   1.101210
         5  -2.872603   1.984714   0.286876   0.601013
         6  -0.578599   1.810729  -1.899649   0.667519
         7   0.131441   0.336069  -0.579279   0.111770
         8   1.384596  -1.535659   0.111786   0.039277
         9   0.008239  -0.166324   0.340103  -0.182019
        10   0.367882  -0.382380   0.219238  -0.204741
        11  -0.365266   0.203452  -0.123215   0.285029
        12   0.872895  -0.463886   0.271679  -0.680688
        13  -0.356751  -0.038271   0.110593   0.284428
        14   1.398139  -0.298028   0.339959  -1.440071
        15  -0.040009   0.528552   0.317521  -0.806065
        16  -0.001625  -0.225244  -0.045585   0.272454
        17   0.034593   0.026308  -0.374303   0.313401
        18   0.146937   0.039263  -0.040407  -0.145793
        19   0.085248  -0.050215   0.111715  -0.146748
        20   0.337309  -0.195591  -0.314284   0.172566
        21  -0.519214  -0.214393  -0.195833   0.929440
        22   1.561438  -0.555770   0.838188  -1.843856
        23   0.272221  -0.762947   0.991616  -0.500889
        24   0.280264  -1.970200   2.124794  -0.434858
        25  -0.653785  -0.067956   0.748632  -0.026891
        26   0.264136  -0.743104  -2.189816   2.668784
        27   4.139197  -1.431323  -1.082719  -1.625155
        28   0.657020  -0.844836  -0.972893   1.160708
        29   2.324323  -0.168636  -0.707766  -1.447922
        30   1.798150   0.728315  -1.225850  -1.300616
        31  -0.970336   0.136185  -0.523194   1.357345
        32   0.655061  -0.628451  -0.030956   0.004347
        33   0.881096  -0.199320  -0.753949   0.072173