       pos      val_A      val_C      val_G      val_T
         0   0.005949   0.027957  -0.043268   0.009362
         1  -0.036312  -0.096991  -0.064942   0.198245
         2   0.030219  -0.025720  -0.089628   0.085130
         3  -0.030813   0.129761   0.002663  -0.101610
         4   0.207665   0.012726  -0.102145  -0.118246
         5   0.267543  -0.191811   0.000089  -0.075820
         6   0.062074  -0.139698   0.155931  -0.078307
         7   0.002174  -0.018133   0.055964  -0.040006
         8  -0.100948   0.125552   0.004418  -0.029022
         9  -0.002402   0.009456  -0.018237   0.011183
        10  -0.027214   0.031296  -0.018179   0.014098
        11   0.028632  -0.014593   0.009975  -0.024014
        12  -0.056822   0.043244  -0.013423   0.027001
        13   0.026741   0.001874  -0.008307  -0.020307
        14  -0.096841   0.033668  -0.012015   0.075188
        15   0.015816  -0.028683  -0.014470   0.027337
        16  -0.001333   0.017746   0.003080  -0.019493
        17  -0.004044  -0.002747   0.028483  -0.021691
        18   0.001822   0.006277   0.008470  -0.016570
        19   0.002032   0.014481   0.000341  -0.016854
        20  -0.014909   0.021457   0.033935  -0.040482
        21   0.047203   0.025007   0.025931  -0.098141
        22  -0.111724   0.055218  -0.050493   0.106999
        23  -0.020894   0.059180  -0.081041   0.042756
        24  -0.000409   0.165841  -0.181707   0.016275
        25   0.053742   0.013678  -0.049980  -0.017441
        26  -0.034718   0.042107   0.226239  -0.233627
        27  -0.417624   0.201406   0.094539   0.121678
        28  -0.049121   0.063962   0.074007  -0.088847
        29  -0.160572   0.020211   0.064176   0.076183
        30  -0.130435  -0.056972   0.093775   0.093632
        31   0.074436  -0.014798   0.037484  -0.097123
        32  -0.044536   0.059653   0.006679  -0.021797
        33  -0.054429   0.024604   0.061967  -0.032141