       pos     val_AA     val_AC     val_AG     val_AT     val_CA     val_CC     val_CG     val_CT     val_GA     val_GC     val_GG     val_GT     val_TA     val_TC     val_TG     val_TT
         0  -0.582931  -0.070095  -0.629510   0.551202   0.651362  -0.165819   1.100534   0.816677   0.220611  -0.274687  -1.359273  -0.134555  -0.418013  -0.137701  -0.145421   0.577617
         1   2.531563   0.281934  -0.884449  -1.872973   0.145962   1.802955   0.682730  -3.094904   1.590555   0.014401   0.055436  -2.509014   0.743184   0.711464  -0.822723   0.623879
         2   0.031010  -1.264856   1.205342   1.026286  -0.672347  -0.696707  -0.237245   0.403569   0.129993  -3.076488  -1.897406  -0.138589   0.956730   3.458135   1.152064  -0.379492
         3   0.382726  -0.160091   1.203724  -0.312868   0.576680  -2.504857   1.926617  -0.910265   0.648703   0.614496   0.051897  -0.424250   0.754733   0.055294  -1.690069  -0.212469
         4   2.727030  -0.933355   0.487522   0.381503   0.701767  -0.726041  -1.254525  -0.416497  -2.554302   0.273322   3.625736   0.447275  -1.404919   0.719345  -1.936358  -0.137504
         5   1.757724  -2.726266   1.807454  -0.659649  -1.396625   0.397369   0.902005   0.140212   0.022305  -0.376559   1.638982   0.347337  -1.045341   1.757478  -2.606345   0.039919
         6   1.096261  -0.589880   1.025564  -1.412733  -0.742460   1.067996   0.811096  -1.303449   1.342248   0.665893   1.876178  -1.361064  -1.371484  -0.061911  -1.277462   0.235208
         7  -1.183932  -0.559206  -0.446985  -0.028136  -1.763087   0.885859  -0.329165  -0.254328  -0.202534   0.167695  -0.623152   0.550544   1.396175   1.389412   1.401336  -0.400497
         8  -0.380343   1.270659  -1.596343   0.115819   0.318647   0.761989   1.069276   0.897014   0.718894  -0.246173   0.343931   0.348552  -1.463775   0.087558  -2.136001  -0.109705
         9   0.080737   0.694792  -1.336829   0.509767   0.091994  -0.157403   2.568446   0.126037  -0.171835  -1.066564   0.221909  -0.547606  -0.476508  -0.191460  -0.424532   0.079056
        10  -0.157361  -0.543846   0.786058   0.164650  -0.035826   0.335821  -0.991974   0.696456   0.952805   0.475362   0.132411   0.193528  -0.481713  -0.807465  -0.979240   0.260334
        11   0.572146   0.353388   0.641966  -0.799114   0.353748   1.021507   0.295735  -1.720637   0.893431   0.407392   0.988431  -2.851518  -0.880402   0.686604  -0.345633   0.382954
        12   0.779306  -0.340911  -0.670370  -0.001557   0.521372  -0.531312   1.461675  -0.155303   0.894704   0.994425  -1.527148   0.046060  -1.035670  -0.099268  -0.425841   0.089839
        13   1.192857   1.670254  -0.745645  -0.468259   0.371314   0.270597   0.084849  -0.214331  -0.211103  -1.465561   0.376366   0.628110  -0.907697  -0.246049  -0.547915   0.212213
        14   0.331417  -1.115743   0.945821   0.318282  -0.315307   0.139091   0.996008  -0.556145   0.008357  -0.192023  -0.269448  -0.344826   0.117263   0.382452  -0.666013   0.220814
        15  -0.112611  -0.083579   0.225170  -0.507009  -0.112611  -0.196680  -0.253858  -0.842836   1.130634   0.429515  -0.512439  -0.661102   0.122303   1.505624  -0.196396   0.065875
        16  -0.990804   0.629947   1.206397  -0.640768   1.130423  -0.267625   0.320922  -0.351783  -0.927421  -0.375177   0.059041  -0.316910   0.242102   0.007584   0.413932  -0.139861
        17   1.222678   0.120539  -1.022420  -1.479510  -0.291175   0.336859   0.207456  -0.871424   0.125930   0.238872   1.378955  -0.356477   0.109760   0.171230   0.401842  -0.293115
        18  -0.204916  -0.134216  -0.019073   0.229031  -0.152029  -0.075082  -0.092840  -0.108915  -0.236625  -0.231818   0.167311  -0.029404   0.557179   0.106997   0.841607  -0.617206
        19  -0.778342   1.272551   0.165818   0.004169   0.243587  -0.180463   0.291462   0.011879   0.331697   0.734960   0.057938   0.472997  -1.446262  -0.699503  -0.040428  -0.442060
        20   1.325656  -0.904712  -0.203043  -1.644789   0.260183   1.036386   0.595912  -0.542504   0.556796   0.043639   0.338196  -0.241410  -0.115530   0.324677  -0.443005  -0.386452
        21   1.244313   0.250021  -0.077402   1.353814  -0.085908   0.486163  -0.515076   1.358453  -0.449811   0.192318  -0.219798   1.508992  -1.425078  -0.804558  -2.615902  -0.200541
        22   0.452134   1.114376   0.595311  -1.045430   0.548278   0.681583  -0.043961   0.770917  -0.584164  -0.132328  -0.710645  -0.168168  -0.539310   0.563001  -1.759271   0.257677
        23   0.404583   0.206766  -0.207517   0.303051   1.241049   1.053928   0.925341  -0.163743  -1.154905   0.093798   0.012273  -0.039786  -0.538938   0.884186  -3.485251   0.465163
        24   1.302907  -0.290928  -0.283338  -0.753358   1.178537   0.137601   0.816113   0.129919  -0.622922  -1.164250  -0.009903  -0.934585  -0.209346   1.263496  -1.030981   0.471037
        25   0.479218   1.295343   0.511404   0.697187   0.706619  -1.059332   0.494897   1.137712   0.629208  -0.419006   0.943726  -0.328076  -5.881394  -0.045407   0.033370   0.804531
        26  -1.224664  -0.347400   0.061598  -2.009463   0.939199   1.108718  -0.163190  -1.566707   1.904025   0.181809   1.472330  -1.028345  -3.256051   1.459599   1.527406   0.941136
        27  -1.548684   0.095139   0.519006  -2.487379  -0.111910   0.361528  -0.079045   0.447726   0.927061  -0.575167   1.159589  -0.397766   0.475285   0.469570   0.250018   0.495029
        28  -1.086322  -0.201124   0.182347   0.378953  -0.146025   0.134810   0.117628  -0.223244  -0.418455   1.787593  -0.244329   0.256859  -1.617137   0.076525   0.623867   0.378054
        29   0.307063  -1.311067  -0.677051  -1.478109  -0.340520   1.108880   1.306208  -0.167989   0.093938  -0.021265   0.798823  -0.083196  -0.347246   0.701747  -0.295464   0.405248
        30  -0.017571   0.784033   1.139950  -4.019698   1.078238   0.009039  -0.077089  -2.358414   0.435226   0.265986  -0.485556  -0.909661   0.859735   1.907452   1.439712  -0.051382
        31   0.416493   1.356626   1.021028  -1.382265   0.938241  -1.059851   1.604241   0.540134   0.237411   0.250125   1.588930  -1.003195  -2.498431   0.104934  -1.827103  -0.287318
        32  -1.320781   1.631835  -0.911565  -0.465653  -0.633885   0.396043   1.049772  -0.319974   0.047586   1.595116   0.610356  -0.025841  -0.950621  -0.278805  -0.096295  -0.327288