       pos     val_AA     val_AC     val_AG     val_AT     val_CA     val_CC     val_CG     val_CT     val_GA     val_GC     val_GG     val_GT     val_TA     val_TC     val_TG     val_TT
         0  -0.027222  -0.000737  -0.026607   0.021347   0.030658  -0.010772   0.046741   0.032509   0.006920  -0.017357  -0.056055  -0.008091  -0.017614  -0.005793  -0.009254   0.022239
         1   0.114660   0.018742  -0.036256  -0.079147   0.011709   0.080758   0.030330  -0.130226   0.072374   0.002847   0.007839  -0.102689   0.034156   0.035045  -0.031205   0.026997
         2   0.001353  -0.057576   0.049620   0.049147  -0.029875  -0.034366  -0.006423   0.015902   0.006949  -0.131096  -0.079354  -0.005200   0.043635   0.154585   0.047547  -0.014921
         3   0.014505  -0.006836   0.055776  -0.008667   0.023703  -0.108843   0.080320  -0.042727   0.031557   0.024022   0.003105  -0.015320   0.032418  -0.004067  -0.069144  -0.016134
         4   0.117180  -0.039342   0.025520   0.020725   0.033341  -0.028787  -0.053031  -0.013549  -0.107522   0.011136   0.153929   0.018851  -0.059028   0.032583  -0.083160  -0.005354
         5   0.077241  -0.113147   0.077441  -0.027569  -0.066638   0.017843   0.039172   0.004801   0.006313  -0.017961   0.069430   0.011587  -0.043173   0.069927  -0.112690   0.000799
         6   0.049523  -0.027110   0.046216  -0.064172  -0.030580   0.049177   0.035790  -0.060897   0.059034   0.030933   0.080665  -0.060559  -0.058676   0.000238  -0.055492   0.009120
         7  -0.050785  -0.027358  -0.017433   0.001156  -0.075464   0.038179  -0.013470  -0.007770  -0.010936   0.006262  -0.028379   0.023272   0.062019   0.060728   0.066724  -0.016248
         8  -0.020364   0.056850  -0.068111   0.006424   0.016148   0.033164   0.046029   0.037173   0.028019  -0.009426   0.018559   0.016294  -0.063970   0.006536  -0.087794  -0.007533
         9   0.000377   0.031788  -0.053567   0.020102   0.003974  -0.005247   0.114539   0.005950  -0.010124  -0.047052   0.011013  -0.022347  -0.020015  -0.006099  -0.015427   0.005640
        10  -0.011452  -0.020207   0.038916   0.011824   0.001263   0.014938  -0.039903   0.032230   0.042283   0.020869   0.004792   0.010336  -0.017689  -0.033285  -0.038510   0.013878
        11   0.025363   0.011313   0.029290  -0.028224   0.016526   0.046485   0.010898  -0.071871   0.038697   0.014088   0.040947  -0.118463  -0.038240   0.030537  -0.016230   0.020546
        12   0.035025  -0.014626  -0.031673   0.000226   0.027073  -0.022810   0.063373  -0.006129   0.038843   0.041023  -0.067332   0.004586  -0.042827  -0.000963  -0.020757   0.001149
        13   0.053504   0.075005  -0.033178  -0.018001   0.015213   0.014615   0.003764  -0.009032  -0.011193  -0.065885   0.019518   0.027093  -0.035278  -0.011977  -0.023378   0.010042
        14   0.008171  -0.052174   0.041936   0.017225  -0.018836   0.006524   0.044187  -0.026626   0.003013  -0.009914  -0.015246  -0.011580   0.003723   0.014012  -0.031686   0.004231
        15  -0.001001  -0.000815   0.011005  -0.023364  -0.007179  -0.008147  -0.009572  -0.035200   0.052220   0.018927  -0.020520  -0.025837   0.007064   0.062283  -0.007199   0.000182
        16  -0.039640   0.032285   0.055405  -0.024426   0.052203  -0.013927   0.014681  -0.014093  -0.036840  -0.015018   0.006181  -0.013376   0.013941  -0.001206   0.018337  -0.005529
        17   0.053021   0.003009  -0.046595  -0.062894  -0.015315   0.017328   0.010300  -0.034835   0.003634   0.012665   0.056805  -0.014053   0.005342   0.007983   0.017833  -0.011113
        18  -0.014555  -0.011086  -0.003922   0.011071  -0.011193  -0.008820  -0.007723  -0.007571  -0.018438  -0.015312   0.004283  -0.000933   0.013943  -0.001974   0.030580  -0.032637
        19  -0.033733   0.055141   0.006486  -0.003748   0.009969  -0.007749   0.012623   0.003007   0.009168   0.031109   0.000095   0.015305  -0.064509  -0.033636  -0.003110  -0.021172
        20   0.054558  -0.037845  -0.010219  -0.068225   0.011580   0.040074   0.022879  -0.026471   0.023277   0.001694   0.012296  -0.011849  -0.008655   0.016147  -0.023663  -0.019464
        21   0.052968   0.014416  -0.001428   0.056316  -0.003423   0.024468  -0.018456   0.057869  -0.017109   0.012552  -0.006391   0.069219  -0.065112  -0.030336  -0.112319  -0.009209
        22   0.020504   0.051471   0.028650  -0.041440   0.025615   0.030570  -0.001033   0.032412  -0.025531  -0.001277  -0.028891  -0.005630  -0.018946   0.030961  -0.071520   0.012455
        23   0.020095   0.006800  -0.003545   0.015546   0.048615   0.043746   0.037000  -0.008139  -0.049261   0.004298  -0.002739  -0.006563  -0.018834   0.038347  -0.152406   0.019367
        24   0.055976  -0.011299  -0.015244  -0.036015   0.047088   0.006251   0.032130   0.001343  -0.030056  -0.056628  -0.004035  -0.043400  -0.011207   0.056441  -0.043545   0.016159
        25   0.018547   0.055300   0.021167   0.031730   0.031221  -0.046681   0.012942   0.046423   0.024375  -0.018988   0.046927  -0.014008  -0.259003  -0.003034  -0.005361   0.036875
        26  -0.054023  -0.011817  -0.001563  -0.088201   0.035475   0.049464  -0.007935  -0.065421   0.084588   0.008257   0.064267  -0.039559  -0.143781   0.075441   0.071983   0.048815
        27  -0.069489   0.002219   0.017546  -0.115099  -0.004011   0.018755  -0.001426   0.030225   0.043518  -0.023620   0.057479  -0.014243   0.022184   0.022455   0.012277   0.021911
        28  -0.043611  -0.011310   0.009972   0.019890  -0.001149   0.008046   0.005817  -0.007456  -0.013718   0.081589  -0.008043   0.016430  -0.065753   0.006039   0.033408   0.018475
        29   0.009025  -0.061963  -0.029880  -0.066641  -0.019569   0.042351   0.053487  -0.010767  -0.000955  -0.004188   0.029100  -0.010968  -0.020242   0.027208  -0.019231   0.014289
        30  -0.002764   0.031819   0.048670  -0.174353   0.040018   0.001090  -0.008204  -0.106471   0.017599   0.010346  -0.025755  -0.043664   0.036754   0.083624   0.062134  -0.005243
        31   0.012151   0.058420   0.048299  -0.062344   0.041720  -0.047129   0.075119   0.020393   0.010860   0.010994   0.067716  -0.036045  -0.105439   0.005295  -0.080975  -0.014200
        32  -0.060609   0.065859  -0.047615  -0.023578  -0.032126   0.012766   0.043497  -0.018126  -0.003483   0.066855   0.023684  -0.005908  -0.041948  -0.014139  -0.007166  -0.021702
