       pos      val_A      val_C      val_G      val_T
         0   0.005304   0.026207  -0.039476   0.007965
         1  -0.030425  -0.099274  -0.063791   0.193490
         2   0.021530  -0.024722  -0.073500   0.076692
         3  -0.037586   0.146829  -0.007961  -0.101281
         4   0.196542   0.029480  -0.096546  -0.129476
         5   0.274587  -0.221383   0.019932  -0.073136
         6   0.056028  -0.131586   0.143232  -0.067675
         7   0.001202  -0.014627   0.048045  -0.034620
         8  -0.104383   0.120285   0.007974  -0.023876
         9   0.000712   0.009304  -0.020688   0.010671
        10  -0.023680   0.028748  -0.018737   0.013668
        11   0.023083  -0.012232   0.013889  -0.024739
        12  -0.055787   0.039014  -0.017057   0.033830
        13   0.021677   0.004147  -0.006308  -0.019516
        14  -0.091528   0.030820  -0.013073   0.073781
        15   0.011830  -0.024842  -0.014315   0.027326
        16  -0.001623   0.015831   0.004424  -0.018632
        17  -0.003123  -0.001621   0.026161  -0.021417
        18  -0.001808   0.005213   0.013456  -0.016861
        19   0.000372   0.012181   0.003992  -0.016546
        20  -0.012317   0.019875   0.031205  -0.038762
        21   0.042797   0.022239   0.022441  -0.087478
        22  -0.109597   0.051081  -0.041579   0.100095
        23  -0.018910   0.047709  -0.068266   0.039466
        24   0.008359   0.169354  -0.196049   0.018335
        25   0.052651   0.009532  -0.046429  -0.015754
        26  -0.038303   0.044164   0.229873  -0.235733
        27  -0.414385   0.185608   0.090578   0.138200
        28  -0.046255   0.059045   0.071061  -0.083851
        29  -0.172266   0.027847   0.064930   0.079489
        30  -0.153578  -0.043867   0.098785   0.098659
        31   0.077157  -0.023564   0.032699  -0.086292
        32  -0.040079   0.054182   0.005654  -0.019757
        33  -0.051183   0.020856   0.061685  -0.031359
