       pos     val_AA     val_AC     val_AG     val_AT     val_CA     val_CC     val_CG     val_CT     val_GA     val_GC     val_GG     val_GT     val_TA     val_TC     val_TG     val_TT
         0  -0.419099  -0.348457  -0.452289   0.717378   0.372383  -0.270783   0.546677   1.047146   0.112931  -0.228807  -0.757785  -0.374516  -0.287641  -0.089685  -0.303787   0.736336
         1   2.998561   0.033970  -0.615894  -2.128088  -0.362472   1.906661   0.754411  -2.726358   1.767525   0.034082   0.062642  -2.321459   0.559096   0.273687  -1.100194   0.863830
         2  -0.268688  -2.343429   1.463566   2.552363  -1.228583  -1.522099  -0.600480   2.040661  -0.618947  -2.145222  -1.979342   0.285574   0.799724   2.713823   0.876974  -0.025895
         3   0.336560  -0.141075   0.640464  -0.312713   0.932640  -1.931208   1.006639  -1.465267   0.858006   0.811831   0.243957  -0.313344  -0.548376  -0.055375  -0.496777   0.434038
         4   2.703466  -0.579710  -0.444025  -0.269265  -0.483805  -0.402843  -0.596569  -0.000955  -2.131997  -0.199734   3.654905  -0.097235  -1.302431   0.382136  -0.623889   0.391952
         5   1.415217  -2.905210   1.827358  -1.795649  -0.611368   0.051838  -0.213882  -0.270271   0.100461   0.078851   1.271661   0.295917  -0.554735   2.384317  -1.405573   0.331069
         6   0.951469  -0.521051   1.320007  -1.389100   0.240739   0.207364   0.320614  -1.147183   0.888891   0.574004   1.863491  -1.835082  -0.656859  -0.253333  -0.897974   0.334004
         7  -1.221486  -0.199452   0.015995   0.331312  -1.552566   0.924564  -0.880751  -0.982141   0.015013   0.164739  -0.580673   0.509188   1.106994   1.357334   1.282393  -0.290464
         8  -0.495181   0.821828  -0.959036  -0.289802   0.217877   0.944729   0.787610   1.026821   0.504551  -0.283340   0.163423   0.182183  -1.267060   0.012653  -1.259255  -0.108001
         9   0.092255   0.716595  -1.732390   0.658258  -0.053009  -0.262144   2.571546   0.014009   0.280040  -1.061315   0.590540  -0.301993  -0.738715  -0.280389  -0.578922   0.085632
        10   0.024700  -0.560781   0.865807   0.174991  -0.101701   0.256141  -1.021245   0.903699   1.010511   0.524422   0.087711   0.152278  -0.561320  -0.968158  -1.103723   0.316669
        11   0.758787   0.421889   0.779034  -0.993760   0.508597   1.177163   0.433292  -2.273668   1.087016   0.369791   1.106030  -3.140526  -0.977294   0.611275  -0.332735   0.465109
        12   0.886424  -0.262418  -0.670572   0.003185   0.420357  -0.143545   0.871874   0.010947   1.078039   1.094350  -1.720541   0.113288  -1.100230  -0.169135  -0.522011   0.109987
        13   1.643894   1.354140  -0.694957  -0.487554   0.681925   0.405174   0.121789  -0.158703  -0.403954  -2.190758   0.460373   0.624022  -1.059416  -0.016939  -0.521759   0.242721
        14   0.724482  -1.700485   1.222446   0.563758  -0.521365   0.110636   0.719236  -0.809136   0.072713  -0.150173  -0.301987  -0.307352   0.241045   0.555249  -0.648724   0.229659
        15   0.089406   0.110603   0.355576  -0.517518  -0.189429  -0.177890  -0.326557  -0.969705   1.101539   0.498343  -0.411291  -0.676427  -0.010571   1.309907  -0.295943   0.109957
        16  -1.298237   0.709435   1.235809  -0.594136   1.155899  -0.425201   0.411286  -0.339095  -1.089167  -0.323882   0.045257  -0.248497   0.271589   0.028400   0.585103  -0.124562
        17   1.638765   0.262743  -1.294567  -2.223467  -0.242440   0.465508   0.318112  -1.209037   0.172161   0.316842   1.540691  -0.408850   0.138942   0.244712   0.568599  -0.288714
        18  -0.331210  -0.149776   0.061470   0.401857  -0.263908  -0.111129  -0.101154   0.040909  -0.470595  -0.336471   0.070678   0.144136   0.716386   0.039286   1.009506  -0.719986
        19  -0.973572   1.607013   0.312828  -0.024925   0.369454  -0.082716   0.403152   0.022688   0.476821   0.883490   0.084381   0.866479  -1.911806  -1.343332  -0.287637  -0.402318
        20   1.487289  -1.271499  -0.320924  -1.567087   0.190757   1.104966   0.792717  -0.657102   0.750340   0.148313   0.545159  -0.564205  -0.082544   0.523696  -0.769278  -0.310597
        21   1.215734   0.267525  -0.453499   1.496567  -0.464370   0.587796  -1.116958   1.679493  -0.899170   0.181136  -0.656772   1.802968  -0.699450  -1.228929  -1.446595  -0.265476
        22   0.435954   1.448174   0.722161  -1.226087   0.423811   0.839562  -0.198655   0.970267  -0.454326  -0.353345  -0.243566  -0.395130  -0.727532   0.588395  -2.121071   0.291388
        23   0.162452   0.089572  -0.697239   0.741196   1.122203   1.324184   0.395469   0.299004  -1.007361  -0.433244  -0.551825   0.769374  -1.044206   1.084681  -2.700166   0.445907
        24   1.609610  -0.324619  -0.184889  -1.257107   1.168538   0.441295   1.019087   0.046195  -0.895298  -1.104158   0.297962  -1.242361  -0.384944   1.748894  -1.536589   0.598384
        25   0.600607   0.621644   0.189027   0.599180   0.829491  -0.552523   0.282473   0.714523   0.731153  -0.144927   0.418615  -0.896698  -5.519995   0.736805   0.664103   0.726521
        26  -0.654481  -0.550960  -0.362941  -1.779108   1.036227   0.557728  -0.054230  -0.867471   1.602202   0.071982   0.531358  -0.640070  -2.243884   1.308307   1.316004   0.729335
        27  -1.134057   0.576296   0.930282  -2.060034  -0.257753   0.202708   0.089709  -0.075190   0.237292  -0.390140   0.457325  -0.301869   0.319119   0.559135   0.474738   0.372439
        28  -1.614812  -0.111783   0.089110   0.439227   0.326257   0.334422   0.035311  -0.110850   0.185041   1.525533  -0.273618   0.152240  -1.450321  -0.154524   0.347043   0.281725
        29   0.893272   0.044155  -1.021758  -2.058602   0.186208   0.761298   1.615244  -0.558200  -0.089504  -0.403459   1.079210   0.022492  -0.183054   0.298516  -0.970269   0.384450
        30   0.375850   0.880057   1.362733  -3.972292   1.323816  -0.322999   0.429380  -2.890260   0.247575   0.366206  -0.884815  -1.187112   0.847199   2.057624   1.522733  -0.155693
        31   0.943469   1.380800   1.146603  -1.838434   1.002160  -1.044466   0.912864   0.948327   0.543866   0.273930   1.179176  -0.728943  -2.587822   0.209266  -1.894602  -0.446194
        32  -0.543593   1.187424  -0.345426  -0.341945  -0.932552   0.718058   1.465889  -0.377076  -0.323038   1.644946   0.290291  -0.213369  -1.193577  -0.378577  -0.224957  -0.432497
