       pos     val_AA     val_AC     val_AG     val_AT     val_CA     val_CC     val_CG     val_CT     val_GA     val_GC     val_GG     val_GT     val_TA     val_TC     val_TG     val_TT
        37  -0.011977  -0.014099  -0.000163  -0.031589  -0.055055  -0.010959  -0.061287  -0.041125  -0.042219  -0.005858   0.028301  -0.007281  -0.018269  -0.010417  -0.018079  -0.032527
        38  -0.082918   0.002737   0.034869   0.055448  -0.017232  -0.065495  -0.034412   0.081677  -0.058662   0.002321  -0.004774   0.068243  -0.039478  -0.029206   0.015599  -0.049469
        39  -0.046831  -0.003413  -0.094806  -0.047107  -0.032594  -0.030533  -0.049712  -0.031792  -0.052047   0.068931   0.011763  -0.005288  -0.065420  -0.158889  -0.077285   0.019661
        40   0.026467   0.029417  -0.043652   0.057542   0.020029   0.121154  -0.056749   0.082600   0.021233   0.008172   0.007394   0.064723  -0.024753  -0.019341   0.146705   0.060487
        41  -0.089656   0.051483  -0.004813   0.000867  -0.006603   0.064636   0.083299   0.056346   0.130533   0.035127  -0.071261   0.034834   0.043623  -0.022618   0.094635   0.055407
        42  -0.050951   0.101335  -0.032522   0.019949   0.060427  -0.022149  -0.016290  -0.023144  -0.002178   0.010869  -0.034914  -0.026222   0.034957  -0.060911   0.118412  -0.003392
        43  -0.042288   0.030230  -0.029367   0.012868   0.029994  -0.028355  -0.019334   0.011586  -0.069477  -0.035576  -0.080647  -0.006931   0.056411   0.022119   0.063472  -0.018675
        44   0.071152   0.045703   0.036303  -0.002314   0.075381  -0.017992   0.018344  -0.008639   0.024908   0.007924   0.031873  -0.032826   0.013979   0.010139   0.004658   0.054380
        45   0.010245  -0.057365   0.063242  -0.015936  -0.014156  -0.037404  -0.038342  -0.040079  -0.021821   0.003466  -0.008656  -0.016204   0.076240   0.013671   0.106035   0.024761
        46  -0.012810  -0.035925   0.045298  -0.007848  -0.006403   0.003159  -0.088998   0.013227  -0.006185   0.026990  -0.013168   0.026929   0.010329   0.001850   0.018861   0.012799
        47   0.017568   0.044827   0.005987   0.018028   0.010623   0.011914   0.069744  -0.002563  -0.034418  -0.002969   0.019252   0.006707   0.006362   0.032658   0.050023  -0.007249
        48  -0.004528  -0.001430  -0.021769   0.038667  -0.010376  -0.041004  -0.022512   0.054794  -0.041042  -0.030688  -0.060877   0.081034   0.035467  -0.027602   0.001160  -0.017074
        49  -0.043853  -0.005080   0.007234  -0.011635  -0.028321   0.006676  -0.069435   0.000187  -0.030518  -0.039249   0.052555   0.001063   0.028085  -0.007396   0.005463  -0.007853
        50  -0.037408  -0.061215   0.046421   0.008036  -0.006593  -0.007463   0.018677  -0.000320   0.012080   0.055609   0.007581  -0.030169   0.031455   0.006456   0.035583  -0.020168
        51   0.001803   0.048658  -0.018038  -0.024572   0.023007   0.005711  -0.017137   0.008374  -0.006852  -0.000042   0.010716  -0.016238   0.017371   0.007495   0.053201   0.006335
        52  -0.021897  -0.041604  -0.053175  -0.007700  -0.021454  -0.035821  -0.032572   0.005436  -0.075647  -0.068045  -0.031645  -0.008942  -0.008549  -0.075818  -0.013836  -0.005922
        53   0.033167   0.016199  -0.033173   0.034406  -0.023433   0.067840   0.016395   0.041166   0.048562   0.070710   0.024367   0.038810  -0.010525   0.041162  -0.005852   0.015818
        54  -0.044439  -0.005006   0.044090   0.059338  -0.035239  -0.055730  -0.041550  -0.006143  -0.014129  -0.020401  -0.050929   0.007237  -0.016913  -0.019131  -0.018293   0.004694
        55   0.002662   0.008883  -0.012554   0.005821   0.000813   0.006968  -0.010368   0.015948  -0.005002   0.003387  -0.027340   0.002113  -0.032004  -0.007137  -0.050760   0.036998
        56   0.016706  -0.064426  -0.040446  -0.018434  -0.027377  -0.022814  -0.053899  -0.027711  -0.013671  -0.038905  -0.028063  -0.025492   0.021803  -0.013132  -0.050841  -0.008338
        57  -0.045413   0.030036   0.011801   0.052276   0.001299  -0.027310  -0.005985   0.025642   0.006067   0.023002   0.017437   0.029706   0.012342  -0.002800   0.028293   0.029554
        58  -0.047258  -0.004744   0.002121  -0.058863   0.000846  -0.011532   0.015588  -0.060231   0.007435  -0.006176   0.002894  -0.070740   0.050442   0.035923   0.095520   0.010770
        59  -0.000659  -0.025950  -0.001114   0.040118  -0.011425  -0.019630   0.011947  -0.031118   0.031297   0.014474   0.037419   0.007471   0.043393   0.001028   0.088927   0.003800
        60  -0.035073  -0.019800  -0.022179  -0.038153  -0.058862  -0.046155  -0.056753  -0.017947   0.014357  -0.019473  -0.032763  -0.027557   0.008191  -0.031884   0.111237  -0.028657
        61  -0.016340   0.018364   0.020990   0.038173  -0.022780  -0.007331  -0.025079  -0.001004   0.053227   0.049802   0.018526   0.051497   0.037413  -0.036400   0.049977   0.012416
        62  -0.029889  -0.067244  -0.039274  -0.044229  -0.018318   0.049935  -0.009467  -0.038183  -0.021645   0.021501  -0.041647   0.008239   0.202792   0.007541   0.000778  -0.032064
        63   0.091060   0.077928   0.038609   0.101881   0.008773   0.010319   0.045551   0.086252  -0.021801   0.045497  -0.053080   0.072466   0.166342  -0.010663  -0.021902  -0.016968
        64   0.054495   0.011440   0.002402   0.090373   0.000229  -0.010548   0.022613  -0.046064  -0.066226   0.043376  -0.052046   0.018648   0.002501   0.023698   0.043795  -0.003742
        65   0.066587   0.016792   0.003197  -0.019791   0.019090  -0.011884  -0.009345  -0.013273   0.023036  -0.078602  -0.002201  -0.037716   0.082023   0.004675  -0.014408  -0.021890
        66   0.008529   0.055877   0.026421   0.025478   0.040956  -0.022089  -0.021204  -0.000566   0.021750   0.016667  -0.005461  -0.004104   0.051737   0.005987   0.047753  -0.004725
        67  -0.004240  -0.016499  -0.018423   0.141753  -0.037807   0.019315   0.032748   0.093580  -0.020153   0.003420   0.041354   0.037447  -0.004577  -0.025247   0.001139   0.037035
        68  -0.022429  -0.066806  -0.033357   0.034549  -0.059153   0.003613  -0.072918  -0.052149  -0.043977  -0.053636  -0.084628  -0.007103   0.071708  -0.029625   0.062510  -0.013708
        69   0.043732  -0.060804   0.028239   0.013060   0.029172  -0.007001  -0.031233   0.018417  -0.021469  -0.073099  -0.039059  -0.017364   0.036548   0.014523   0.008008   0.029404