pos	par_A	par_C	par_G	par_T
0	0.00	0.00	0.00	0.00	
1	0.00	0.00	0.00	0.00	
2	0.00	0.00	0.00	0.00	
3	0.00	0.00	0.00	0.00	
4	0.00	0.00	0.00	0.00	
5	2.55	0.92	2.35	0.00	
6	4.70	5.31	0.00	3.06	
7	2.96	2.86	2.86	0.00	
8	5.31	5.31	0.00	4.80	
9	0.00	2.35	3.47	3.17	
10	0.00	0.00	0.00	0.00	
11	0.00	0.00	0.00	0.00	
12	0.00	0.00	0.00	0.00	
13	0.00	0.00	0.00	0.00	
14	0.00	0.00	0.00	0.00	
15	0.00	0.00	0.00	0.00	
16	3.17	3.47	2.35	0.00	
17	4.80	0.00	5.31	5.31	
18	0.00	2.86	2.86	2.96	
19	3.06	0.00	5.31	4.70	
20	0.00	2.35	0.92	2.55	
21	0.00	0.00	0.00	0.00	
22	0.00	0.00	0.00	0.00	
23	0.00	0.00	0.00	0.00	
24	0.00	0.00	0.00	0.00	
25	0.00	0.00	0.00	0.00	
