       pos      val_A      val_C      val_G      val_T
         0   0.053000   0.000000   0.014500   0.090900
         1   0.061600   0.171000   0.000000   0.053900
         2   0.000000   0.043700   0.384000   0.021800
         3   0.000000   0.108000   0.084800   0.034000
         4   0.000000   0.126000   0.252000   0.009640
         5   0.139000   0.068800   0.000000   0.136000
         6   0.000000   0.044300   0.168000   0.022900
         7   0.097100   0.011600   0.000000   0.027000
         8   0.016200   0.196000   0.000000   0.015000
         9   0.157000   0.007480   0.134000   0.000000
        10   0.012000   0.105000   0.000000   0.141000
        11   0.083300   0.133000   0.000000   0.341000
        12   0.000000   0.041000   0.263000   0.205000
        13   0.255000   0.000000   0.041700   0.002070
        14   0.062200   0.351000   0.000000   0.027200
        15   0.131000   0.089900   0.438000   0.000000
        16   0.038300   0.084400   0.000000   0.298000
        17   0.151000   0.177000   0.043200   0.000000
        18   0.186000   0.000000   0.017600   0.057500
        19   0.077000   0.000000   0.141000   0.017800
        20   0.000000   0.192000   0.034500   0.164000
        21   0.070600   0.079200   0.049300   0.000000
        22   0.041300   0.067200   0.099200   0.000000
        23   0.052100   0.035700   0.000000   0.030300
        24   0.017600   0.048000   0.000000   0.010400
        25   0.014100   0.000000   0.006840   0.062300
        26   0.054500   0.055800   0.000000   0.052400
        27   0.024900   0.005990   0.000000   0.097000
        28   0.000000   0.022000   0.030000   0.029300
        29   0.000000   0.063400   0.022700   0.068100
        30   0.096000   0.031400   0.052700   0.000000
        31   0.009940   0.085900   0.000000   0.071500
        32   0.131000   0.000000   0.131000   0.086000
        33   0.042900   0.166000   0.000000   0.109000
        34   0.000000   0.019300   0.001430   0.171000
        35   0.247000   0.029500   0.000000   0.003860
        36   0.205000   0.000000   0.141000   0.088500
        37   0.000000   0.231000   0.027300   0.034400
        38   0.049400   0.065100   0.271000   0.000000
        39   0.005750   0.000000   0.004050   0.293000
        40   0.150000   0.277000   0.017900   0.000000
        41   0.260000   0.026800   0.020300   0.000000
        42   0.000000   0.129000   0.162000   0.166000
        43   0.000000   0.052000   0.004170   0.004010
        44   0.000000   0.065000   0.055100   0.022100
        45   0.111000   0.000000   0.070600   0.001110
        46   0.000000   0.174000   0.090000   0.024700
        47   0.059300   0.136000   0.000000   0.403000
        48   0.000000   0.046500   0.385000   0.191000
        49   0.466000   0.000000   0.147000   0.079200
        50   0.000000   0.503000   0.069000   0.090900
        51   0.062000   0.068300   0.501000   0.000000
        52   0.115000   0.212000   0.000000   0.321000
        53   0.128000   0.137000   0.086000   0.000000
        54   0.051400   0.000000   0.034500   0.161000
        55   0.089500   0.000000   0.121000   0.079000
        56   0.008490   0.000000   0.003780   0.124000
        57   0.000000   0.045500   0.020700   0.020700
        58   0.021400   0.024800   0.000000   0.111000
        59   0.005740   0.164000   0.006640   0.000000
        60   0.083600   0.109000   0.000000   0.079700
        61   0.009180   0.068300   0.019000   0.000000
        62   0.000000   0.011900   0.192000   0.028200
        63   0.069700   0.000000   0.131000   0.091500
        64   0.064000   0.000000   0.196000   0.101000
        65   0.080300   0.041500   0.138000   0.000000
        66   0.076100   0.000000   0.119000   0.068200
        67   0.211000   0.000000   0.078200   0.085200
        68   0.000000   0.218000   0.033200   0.241000
        69   0.028100   0.063200   0.000000   0.448000
        70   0.000000   0.090400   0.529000   0.330000
        71   0.634000   0.000000   0.194000   0.091200
        72   0.000000   0.826000   0.141000   0.136000
        73   0.108000   0.096300   0.792000   0.000000
        74   0.122000   0.186000   0.000000   0.674000
        75   0.287000   0.489000   0.000000   0.050200
        76   0.493000   0.000000   0.055900   0.056800
        77   0.304000   0.000000   0.224000   0.078500
        78   0.094500   0.175000   0.000000   0.319000
        79   0.000000   0.048600   0.068500   0.029700
        80   0.000000   0.073900   0.058200   0.026100
        81   0.000000   0.029000   0.054700   0.000832
        82   0.007820   0.021500   0.011400   0.000000
        83   0.018200   0.018400   0.000000   0.105000
        84   0.004630   0.068900   0.205000   0.000000
        85   0.000942   0.011800   0.051600   0.000000
        86   0.083900   0.051600   0.017100   0.000000