       pos      val_A      val_C      val_G      val_T
         0  -0.004340  -0.012927  -0.016257   0.033524
         1  -0.007642   0.032834  -0.022146  -0.003046
         2  -0.032655  -0.027401   0.089984  -0.029929
         3  -0.010663   0.016055   0.008990  -0.014382
         4  -0.043108   0.013772   0.067849  -0.038514
         5   0.023823  -0.013014  -0.034765   0.023956
         6  -0.027898  -0.005086   0.048431  -0.015447
         7   0.023548  -0.005685  -0.018831   0.000968
         8  -0.024605   0.056062  -0.018430  -0.013027
         9   0.030431  -0.025257   0.026332  -0.031506
        10  -0.028700   0.027381  -0.032252   0.033570
        11  -0.012772  -0.020672  -0.030015   0.063460
        12  -0.041190  -0.026113   0.041865   0.025438
        13   0.078959  -0.051926  -0.009418  -0.017614
        14  -0.029792   0.091816  -0.035229  -0.026794
        15   0.001623  -0.027162   0.121466  -0.095927
        16  -0.032650  -0.010518  -0.029986   0.073154
        17   0.014065   0.027771  -0.018259  -0.023576
        18   0.057980  -0.036617  -0.016805  -0.004559
        19   0.016020  -0.024907   0.031796  -0.022909
        20  -0.049977   0.028241  -0.022231   0.043968
        21  -0.001859  -0.000660   0.030000  -0.027480
        22  -0.010001   0.018248   0.011964  -0.020211
        23   0.025886  -0.004469  -0.010729  -0.010689
        24  -0.003079   0.006086  -0.011392   0.008385
        25  -0.012049  -0.011431   0.015924   0.007556
        26   0.014700   0.013333  -0.021708  -0.006324
        27  -0.005395  -0.002312  -0.007235   0.014942
        28   0.001142  -0.006962  -0.002834   0.008654
        29   0.001054   0.001649  -0.015141   0.012438
        30   0.035676  -0.010571  -0.000719  -0.024385
        31  -0.020731   0.016282  -0.005420   0.009869
        32   0.021117  -0.049351   0.040760  -0.012526
        33  -0.003059   0.032027  -0.043353   0.014385
        34  -0.015639  -0.014308  -0.021192   0.051140
        35   0.062880  -0.004215  -0.029650  -0.029015
        36   0.034564  -0.053467   0.023586  -0.004684
        37  -0.039026   0.070588  -0.014347  -0.017214
        38  -0.015421  -0.020926   0.082568  -0.046221
        39  -0.036161  -0.030470  -0.033769   0.100400
        40   0.014897   0.084678  -0.020837  -0.078738
        41   0.083710  -0.018664  -0.035981  -0.029065
        42  -0.047916   0.003008   0.018993   0.025914
        43  -0.008702   0.011585  -0.001924  -0.000958
        44  -0.009566   0.012473   0.001640  -0.004547
        45   0.022708  -0.007921   0.009659  -0.024446
        46  -0.028387   0.043214   0.005420  -0.020246
        47  -0.037696  -0.029714  -0.044202   0.111612
        48  -0.087405  -0.051637   0.113484   0.025559
        49   0.137515  -0.079242  -0.005712  -0.052561
        50  -0.089568   0.160500  -0.039245  -0.031686
        51  -0.072654  -0.014085   0.173736  -0.086996
        52  -0.023886   0.025261  -0.065728   0.064352
        53   0.016726   0.019717   0.003597  -0.040041
        54  -0.028399  -0.025525   0.000315   0.053610
        55   0.011231  -0.046033   0.028699   0.006103
        56  -0.019306  -0.000731  -0.021778   0.041814
        57  -0.000134   0.003690   0.000761  -0.004317
        58   0.000552  -0.015480  -0.023686   0.038615
        59  -0.030820   0.059226  -0.027493  -0.000912
        60   0.004813   0.022610  -0.040026   0.012603
        61  -0.008898   0.016445  -0.003115  -0.004432
        62  -0.019265  -0.009993   0.029056   0.000202
        63   0.000102  -0.033582   0.038693  -0.005213
        64  -0.005285  -0.041169   0.032371   0.014082
        65   0.012056  -0.010110   0.032847  -0.034793
        66  -0.000334  -0.033434   0.018282   0.015486
        67   0.065762  -0.052293  -0.006782  -0.006687
        68  -0.035088   0.027064  -0.057891   0.065915
        69  -0.061123  -0.014879  -0.062857   0.138859
        70  -0.113017  -0.057508   0.131010   0.039514
        71   0.198741  -0.112125  -0.023989  -0.062627
        72  -0.123453   0.294060  -0.097050  -0.073558
        73  -0.039969  -0.099459   0.272951  -0.133523
        74  -0.052078  -0.038709  -0.110759   0.201546
        75   0.056291   0.125753  -0.100479  -0.081564
        76   0.163196  -0.058673  -0.042521  -0.062002
        77   0.081606  -0.079046   0.038555  -0.041115
        78  -0.023990  -0.018221  -0.045242   0.087452
        79  -0.006638   0.012991   0.013769  -0.020122
        80  -0.014797   0.008110   0.006351   0.000337
        81  -0.011239   0.003147   0.019353  -0.011260
        82  -0.004413   0.009135   0.001570  -0.006292
        83  -0.002840   0.000628  -0.018603   0.020816
        84  -0.038180   0.014123   0.050358  -0.026301
        85  -0.002306  -0.001731   0.017411  -0.013374
        86   0.014870   0.010450  -0.008798  -0.016522
