       pos      val_AA      val_AC      val_AG      val_AT      val_CA      val_CC      val_CG      val_CT      val_GA      val_GC      val_GG      val_GT      val_TA      val_TC      val_TG      val_TT
         0   64.785939    3.807875   29.006208   25.507795   41.171046  -93.444645  211.706137  -17.965439  -45.852846  -44.793360 -241.862579 -223.090716 -198.465667  329.296120 -102.909270  263.103401
         1   75.253406 -270.731051  178.136220 -121.020103 -178.190460 -128.769490  452.391963   49.433977   90.328360  343.744740 -215.213697 -322.918907   78.667241   62.025100 -463.126650  369.989349
         2  111.073634 -147.248269   56.445676   45.787506  -32.350497   32.980151  418.333488 -412.693843 -212.374682  434.448292 -427.003206  157.117432  -32.829365 -146.064156  -69.407213  223.785050
         3 -123.069019   69.645156   58.984089 -172.041136  -59.245910  -25.027093  356.408337  -98.019315   11.687842   43.389427 -141.390395   64.681872   78.985898  -72.704004  -72.877138   80.591389
         4  -32.836456   91.011661 -164.885729   15.069335  131.847037  -64.035840 -105.126803   52.619093 -179.132212  -88.793264  244.723523  224.326846   61.832238   80.150472   22.334856 -289.104758
         5  -85.384269  -74.215511  108.098369   33.212018 -143.049230  433.319173  -77.748006 -194.188907  128.010238  -54.755479 -169.202714   92.993802  108.687829 -295.817980  162.140470   27.900198
         6 -152.547758 -516.232970  156.920671  520.124624   -3.382779  439.090952 -158.259027 -268.918943  173.785939   -8.532529   -1.767575 -140.197718  -65.135827  146.555981  -75.159796  -46.343245
         7  -81.909067  115.900531 -150.006080   68.734191 -277.301341  -10.912653  280.560813   68.534615  148.468316   39.513623  175.692124 -441.939789  104.900315  -50.562105 -280.071743  290.398251
         8   82.293775 -305.795595  -31.974650  149.634693  143.207101  -42.679860  107.530322 -114.118167    4.973720  120.459411  284.290001 -383.548017 -141.458756  194.938805 -346.672514  278.919732
         9 -125.319993   19.708818  -76.362625  270.989639    8.746934  208.515434 -127.039930 -123.299677  154.060182  -57.256414  163.469810 -247.100420  -39.535068 -104.237871   13.685427   60.975753
        10  -21.800452 -116.023454  110.158314   25.617648   69.745669  103.508701 -199.691182   93.166778  -99.769227  162.053571  -35.087764  -53.443897   86.433626 -158.738045  -48.431490   82.301205
        11  123.552093   13.803920  -92.282058  -10.464338  -77.271700   31.098853 -253.726077  290.699696   -6.008400   77.102722   -0.256767 -243.889677 -105.066409 -162.941251  273.966986  141.682408
        12  -69.800861 -156.219104  270.183145 -108.957596    9.719399  371.002092 -275.355273 -146.301974  232.674879   77.315592 -365.861888  -16.426500 -154.697895 -450.649050  487.612921  295.762114
        13 -106.786041  252.892502  -54.973012  -73.237928  252.965721  -53.527375 -308.150942  -49.837874 -204.859907   53.757272  329.907570  -62.226030  118.166189 -237.802251  -43.160131  186.872237
        14 -261.416202  -46.345764 -195.807395  563.055324  177.479997 -216.176156  443.426714 -389.410408 -154.005795  185.260460   39.832500 -147.463679  141.174322   77.489534 -207.105455   -9.987997
        15 -139.741294  -57.160738   94.150243    5.984111  -44.272492 -126.254791  149.663798   21.091559  -35.000708  330.289345 -466.548069  251.605795  113.335845 -206.211305  292.425744 -183.357044
        16 -176.157550   50.476855    6.892486   13.109560  265.012203 -275.040051  -72.529020   23.219378  -92.196406   30.977376   10.254777  120.655969   37.013238  122.444269   59.871470 -124.004556
        17   82.848803  -75.030742  166.072254 -140.218829  271.245752 -190.995533   45.992953 -197.384723 -172.436017   16.553872 -127.565883  287.937741 -105.377688  202.786132 -103.742120   39.314028
        18  126.261327   68.703076    0.142405 -118.825957  -31.480819   47.514647   76.152007 -138.872106  -52.438611  172.018469 -135.663871   -3.158784 -124.054952 -298.823962  133.688362  278.838769
        19 -147.512949  130.766129 -333.050469  268.084234  -67.439127 -209.189473  594.805186 -328.764356   12.176312  150.232022 -262.970731  174.881299   42.116635  -11.553489   42.779336  -55.360560
        20 -176.070794  100.437909   -3.164404  -81.861840  108.427871 -105.529624   63.799943   -6.443001  -38.902493  172.471053 -117.838097   25.832859  124.636746  -93.724165   27.720575    0.207461
        21  145.420928  223.219432  -81.260508 -269.288524 -168.362649 -250.236904   12.510168  479.744558  194.576547    3.693827  130.281602 -358.033958 -121.472377   17.968221  -18.817680   60.057315
        22  -38.577577  -30.241634   12.962360  106.019300   82.223306   83.017205 -107.526160  -63.069775  155.328434   29.664831   -4.517651 -137.762031 -232.828885 -102.002312   80.847182  166.463406
        23  -91.375352   35.207683  -99.502364  121.815311  -15.033898   18.307184  -52.559379   29.724183  -22.890696  -42.456841  202.215139 -155.101871   85.636824   15.084108  -26.702662   -2.367369
        24   44.721840 -177.761141  -90.646428  180.022609  -21.722919  -63.561335  179.636509  -68.210122  -76.562420  200.656328  147.783097 -248.426271   21.137689   81.983041 -371.126454  262.075978
        25  -35.083718   32.230608   29.837952  -59.410652   76.165184   58.682452  -85.486707   -8.044036 -336.347905  136.012491   76.643731  -10.661594  385.498256 -245.777278  -78.326894   64.068111
        26  -41.898371  -79.075358 -125.454628  336.660174   30.591193   43.033566  411.841823 -504.318308  -79.721602 -113.476968   -5.717473  141.584123  113.817562  120.069526 -177.255042  -70.680217
        27 -255.009058  176.780771  134.205435  -33.188366  258.743133 -373.822540   34.891802   50.738371  319.586116  -16.323341    5.504793 -205.352888 -271.590863  192.220236 -188.109161  170.725560
        28 -120.407746   89.347552 -189.273903  272.063425  236.080964 -120.639672 -255.186215  118.600050 -170.102564 -123.165381  425.437076 -145.676261  -22.263355  106.320625  -11.299602  -89.834991
        29 -456.857318   34.790462  -24.163163  369.537318  -91.452184   18.452268   99.580960  -74.717921  111.282888   -8.531574 -181.105222   48.031263  548.464965 -106.517950   12.046050 -298.840842
        30 -362.111879  123.240014  354.236835   -3.926619  123.403705   -2.628256  -72.714556 -109.867687   66.376162   48.257876 -310.142207  101.866796   16.276055 -150.509606   60.381928  117.861440
        31   75.116654  -50.108860 -274.186702   93.122949  104.659603    0.125785  107.684080 -194.109440 -156.648478  270.116872 -146.892822   65.186428   23.235527 -257.502473  215.197641  125.003234
        32  -11.762752   -5.858068   49.797206   14.186921 -480.014996  771.448397 -182.930692 -145.871384   45.721734 -531.155052  169.622638  217.612877  478.152952 -130.888260 -260.143591    2.082071
        33  -79.281154  212.858712 -107.371071    5.890451  125.469861  -59.314793  141.589672 -104.197723  -96.369477   51.787847   72.097494 -251.170304  -18.147896 -149.847309  -51.352732  307.358420
        34  -67.598120  -13.777626  -13.877719   26.924800 -246.152638   76.431675  -38.141487  263.346907  197.680768  159.391111 -190.893807 -111.214708    8.200229 -291.285797  180.556000   60.410412
        35 -147.438085  488.194585 -169.015257 -279.611004  283.617648 -149.675541 -334.185468  131.002724   96.454719  103.088874 -258.078957   -3.821649 -268.670699 -512.307201  897.531015  122.914295
        36 -725.527858  266.297703  430.310126   -7.116388   45.538939 -312.859337  195.757612    0.863504  483.091641  194.754117 -439.765589 -101.828836   94.680413   45.454537 -292.484594  122.834010
        37  419.601666 -216.128327 -136.110109 -169.580095 -139.479533   93.991632  423.172719 -184.037798 -200.293118  -69.916654 -241.803097  405.830424  -26.517725  159.310879 -144.102411   26.061547
        38 -200.385642   42.595883  233.954415  -22.853366 -251.105447  299.148975   28.450466 -109.236464 -234.113783 -112.778367 -102.602915  350.652167  819.204180 -182.678562 -272.886628 -285.364912
        39  193.753750 -251.256822   13.933304  177.169075  -16.058742 -188.848665  294.381673  -43.186337 -155.518735  -57.517890  160.639395  -60.687432  -10.603467  393.892209 -326.818940 -123.272377
        40  102.229696 -174.390475   19.362477   64.371107  333.798364   87.884010  -86.024801 -439.388739 -100.957060 -122.327491  129.018639  236.401344 -275.399612   96.536951 -197.266935  326.152524
        41 -219.005549  203.600028  -42.002687  117.079597  -96.458873  -34.863258   71.855536  -52.830409 -337.541767 -191.782665  266.972697  127.441115  573.516064    8.985694 -268.670185 -126.295337
        42   41.108530 -119.083669   62.500352  -64.015339 -128.681507  -37.377353  232.652375  -80.653716  136.171878  108.109146 -374.297347  158.171684  -62.006629   82.023370   23.433125   21.945102
        43   83.273005   25.547798   54.637881 -176.866413 -481.137608  -14.517004  166.488878  362.837227   61.877518   46.342113 -131.829398  -32.101728  258.307580  -39.187576 -147.010530  -36.661743
        44  225.716445  -68.960272 -150.580512  -83.855168   84.846517 -165.272627   68.843954   29.767487 -234.831516  139.335993  -12.225683   50.008038   86.884635  -27.716650  148.454140  -90.414782
        45  160.636374   38.974496 -241.640831  204.646043   76.294764   96.726378  220.924139 -516.558837  -97.354655   86.870925  -20.261642   85.237272 -128.906743 -100.837951   -1.752530  137.002799
        46   73.508744  -39.535472   80.974064 -104.277596  -24.948101  -85.503755    4.600838  227.584866   -2.082786  146.734828 -298.309271  110.926364  -86.640762 -118.023202  235.292937 -120.301697
        47  388.394462  -20.625109 -223.635111 -184.297146 -143.231128  -53.971122 -165.796029  266.670678 -188.628504  315.716321 -123.982352   19.453103 -110.903793 -214.624297  416.956800   22.503227
        48 -286.769702  177.194106 -142.410924  197.617557 -142.020873  -65.733391  398.123095 -163.873038  469.224403 -107.257798 -365.667355  -92.755941 -125.993576  -34.108744  163.333219  121.098963
        49 -235.522476  569.735138 -153.352489 -266.419920  -28.188773 -441.597189  131.935340  307.944794 -287.805875  154.899346  214.596110  -28.311546  488.905204 -362.908567 -165.987484  102.078387
        50 -210.029156  168.606214 -182.659063  161.470085 -108.420897 -230.521733  596.057180 -336.985823  152.093817 -178.183673 -164.304036  217.585370   38.984972  200.840024 -147.803529   23.270247
        51  438.696228 -559.501602  -43.903058   37.337168 -185.264691  281.067741 -133.923642   -1.138576 -195.103739  190.496604 -196.675759  302.573447  -68.762859  228.256780  211.911143 -306.065185
        52 -139.949968   78.069253 -113.161661  164.607315  322.199623 -233.844459  -24.665127   76.629487 -244.162914    5.704651  140.251793  -64.384847   76.299590   81.545441   20.026957 -145.165133
        53 -511.041951  627.226224 -165.968761   64.170819   93.046574 -174.504431 -177.997694  190.930437  363.883577 -692.266992  434.515658  -83.680281   90.012607  198.201143  -51.760899 -204.766029
        54  458.161126 -140.493074   88.819875 -370.587120   48.238277 -467.979555  285.891867   92.505355   -2.794803  332.928183 -299.057428    7.712353 -227.715553   70.605641  -30.794658  154.559515
        55   51.254212  158.597112  239.612036 -173.574313 -200.286319   34.960708  -41.819324    2.206130   33.475437 -118.364199  -32.532181  162.280598   63.701953  -90.456233 -202.566582  113.510964
        56  -68.321806 -103.608263  317.170274 -197.094922  -52.320627   26.737710   10.600324   -0.280019  113.354105   80.598564 -361.076338  129.817618   79.442223  -16.782282   26.488282   15.275157
        57 -200.257801  -71.833890  204.889302  139.356284   54.708923   31.935887 -140.669495   40.970414   49.391801  136.420140   41.853353 -234.482751   46.501095  -33.474429 -107.399710   42.090878
        58  -84.212528   68.123427   -4.984771  -28.582110  -46.522156  197.920051 -272.456836  184.106650  231.186280   49.979844   -0.930161 -281.562513 -129.154537 -270.454225  203.596201  183.947385
        59   26.519028 -137.701674  162.512790  -80.033084  221.883548  -28.709939 -295.591671  147.987159  -37.402152  -75.163933  -51.085529   88.876047 -145.768692  322.338269  -10.607548 -108.052618
        60   -1.391541  -12.492895 -182.729794  261.845962  -26.620363  109.828072  -21.727426   19.282440  -35.844602  160.168177   62.851662 -381.947196  124.057399 -174.218482  177.408489  -78.469902
        61 -130.790680  301.414640  -62.562127  -47.860940   -3.610864   54.116673   80.268685  -47.489622   51.306005  -47.790283  288.289771 -256.002563   13.997485 -371.917684 -270.129000  448.760502
        62   54.140979  -24.769391  176.326916 -274.796557 -203.216379  -84.286317  290.741216  -67.415173  -82.537679  244.970210  -63.561317  -63.003884  206.864037 -126.811290 -527.323844  544.678474
        63  -52.437092  -74.276248 -144.422075  246.386373  267.347653 -230.274508  -12.944313  -15.025620 -307.111614  235.320690    7.623768  -59.649873  -50.694924   99.763935  168.951725  -78.557876
        64 -130.106577  -41.401395  -37.271706   65.883701  277.880966  -73.412578   39.180871 -213.115391 -132.501395  317.117018   68.703481 -234.109998 -178.575861  -62.726949   15.898574  318.557240
        65 -154.379062  112.087901   93.050675 -214.062382   29.102000 -219.043180  228.196292  101.320984  158.454925   82.855271  138.437747 -293.236723  -86.169305   89.620155 -433.179056  366.943757
        66  199.586781  -96.383915   81.481846 -237.676154  -31.911626   20.033625   11.321120   66.077028  -95.304343  205.805013  -45.669987  -38.325024   79.993465 -152.356862  -62.094205   95.423237
        67   -0.089743  -72.528963   46.389530  178.593453  -24.313183  157.441528   77.152953 -233.183437 -146.768107  318.443414  -90.390804  -96.245729   53.678677 -241.163529  -55.393260  128.377200
        68 -258.410978   57.982987  187.054499 -104.118864  215.821068   56.385268 -125.260216   15.246330   23.379448   67.035031   94.951044 -207.607104  -74.851994 -131.553678 -123.202591  307.149750
        69  -99.858669   30.719405  -95.238022   70.314830  -81.332077 -144.014901 -211.352759  486.549345  392.360136   97.820191 -342.588439 -114.049152 -351.251414  -74.434919  545.086601 -108.730156
        70 -126.981533 -199.880244 -286.095559  472.875314 -244.445111   -0.230211  380.107700 -225.342603  470.420620 -151.429654 -153.385416 -269.698170 -154.337954  394.187409   43.829130   50.406281
        71 -423.730510  769.595745 -187.676670 -213.532544   29.408053 -617.971057  686.822749  -55.612445   26.557312  -30.214370 -114.256994  102.369907  390.817601 -251.607294 -353.111073  242.141589
        72 -333.691264  470.518167 -347.898188  234.123741 -294.207264 -336.239930 1032.848522 -532.598304   45.921658  172.264776 -325.924228  139.515806  690.443756 -283.631244 -448.711917  117.265913
        73  -50.744687  304.545208   67.667877 -213.001513   20.181876  150.758988   22.656185 -170.685280 -286.337310  -97.748037 -381.677058  676.076594  257.322431 -273.791827  194.625349 -219.848797
        74 -151.815824    9.062757 -196.663658  279.839035  249.369973 -305.610913  247.108481 -107.103209 -331.792924 -176.758485  279.349556  132.474205  252.848258  371.675917 -294.237531 -257.745640
        75  -22.083484   50.477704  -74.426518   64.641780  647.055602 -342.038168 -192.716449 -213.931709 -303.113770  -21.781192  346.064202   14.387608 -326.275235  216.155620 -120.506663  278.090669
        76  381.479735 -154.630353  108.657918 -339.924186   68.299111  121.789157  -17.017911 -270.256392  -56.518110  297.187045 -425.552666  143.298303 -383.837597 -297.841368  444.552087  380.315226
        77  186.172370 -128.194836 -198.420975  149.866580 -215.900650  212.443482  182.033368 -212.071720 -158.896974  103.842850  134.481808   31.211744  -24.659466 -107.659078 -213.664220  259.415715
        78 -165.286390   87.104519   -2.321752 -132.781097 -209.171536 -189.561101  123.654681  355.510373  362.662511 -173.603739  -13.197376 -271.431414   22.670296  213.510738   28.265132  -36.023848
        79 -122.270448  180.116140    5.814644  -52.785453  -25.604786   52.979891   11.366355 -101.291042  139.298206  110.028478  -96.356471  -16.569527  -72.836375 -378.679637  177.438677  189.351350
        80  -10.374576 -215.453307  -18.532837  162.947318 -338.335496  153.755599   95.308330   53.716438  132.737345   75.960501   -2.537225 -107.897417   97.654575  -10.718036  -32.753694  -35.477518
        81   21.373337  193.349308  180.094619 -513.135416  -18.827127   94.106237 -257.740407  186.006054   72.000610 -114.369415  -32.574322  116.427701  -81.350828  -51.605471   59.189198  147.055921
        82 -128.229565  141.470803  -69.625573   49.580328  267.663995 -242.536942  -20.536934  116.890540  -48.103018  212.847782   90.277515 -306.053192 -153.065968 -157.596138  -66.023409  313.039775
        83  175.609789  255.905634 -596.016805  102.766826 -115.591514 -309.370045  477.704641  -98.557577   24.466946   99.590502  -53.056055 -136.909794 -228.101752 -173.589995  459.876857  115.272341
        84  -14.500003  -40.242864 -201.443905  112.570241  134.073195   11.315910 -619.462951  346.609943  -92.129204  -58.314738  812.407505 -373.454925  -22.848815  -18.286586   80.684036  -56.976840
        85   88.888274   42.278746  -81.282809  -45.289038  225.738400  267.786858 -105.272501 -493.781035  -82.938191  208.883986 -300.654838  246.893728 -219.524376 -124.349924  123.332675  249.290044
