       pos      val_AA      val_AC      val_AG      val_AT      val_CA      val_CC      val_CG      val_CT      val_GA      val_GC      val_GG      val_GT      val_TA      val_TC      val_TG      val_TT
         0   43.789151   -5.128500 -127.490516  182.275560   73.302146  -54.202569  609.261504 -140.128273  -34.617392  -81.189162 -422.879114 -197.343878 -243.410371  300.723273  -63.502601  160.540743
         1   18.002304  -38.363702   73.301128 -213.876198 -116.915095 -134.464846  391.342872   20.240111   54.665070  218.438707  -75.380454 -202.334048   67.690882  -76.843579 -348.646778  363.143627
         2   80.216145 -155.873595   68.990101   30.110510  -23.663696  163.067303  155.863398 -326.500425 -198.011046  263.921126 -263.722066  238.428755  -18.329774 -138.622760   38.364102   85.761923
         3 -206.212244   32.284652   85.875533  -71.736313  -64.557989   40.851088  217.361241  -61.162266   56.644990   -5.856133   86.734864 -138.028187  192.358307 -101.561764 -142.501685   79.505905
         4 -126.331657  116.500503   44.503548  -56.439329  129.509181 -240.242232   76.806200   -0.355306 -177.096682  202.572128  150.331240   71.663267  130.746611   15.722480 -335.189785   -2.700168
         5 -104.041908   42.093938  109.936070  -91.160646    6.015957   32.903750  -70.098007  125.731180  215.503549  -96.779629 -210.786364   28.513647 -154.804241  -20.656157  183.356561    4.272301
         6 -131.321969 -480.115558  307.869758  266.241126    5.836117  438.975363 -305.694816 -181.554761  192.958256    8.238304  -63.309247 -125.479053 -146.624186  120.240244   47.044766   46.695658
         7  -61.328395   93.299334 -139.237086   28.114364  -68.701653   55.462096  210.658675 -110.080765  330.573084  -14.501165   77.292457 -407.453915 -300.988961  -25.165598 -115.266991  447.324520
         8   82.371403 -315.661850 -207.678467  340.522989  134.115901 -102.661887  215.909570 -138.268918  -36.250866  218.322750  205.776422 -354.401251  -73.805553  130.025417 -179.674375   81.358715
         9  -43.471842   17.826855  -97.416104  229.491975  -28.138216  -67.084151   50.573202  -25.326406   68.072414  203.678718   26.357835 -263.775817  -56.479946 -127.624510   13.978681   99.337310
        10 -100.748569 -147.539824  185.991630    2.279173  -91.643035   42.717285  -94.034278  169.756940  -66.512658  137.805630  -84.680149    6.880791  273.365408  -48.344582 -167.786360  -17.507402
        11  231.896232 -168.679707 -102.246850   53.491471   60.927131 -221.103961 -217.677951  362.493290 -332.474154  506.135381   59.584535 -393.754918  -56.052326 -145.457207  243.923579  118.995456
        12 -126.166227 -185.261979  269.173375  -53.448286   59.264823   98.160620 -124.530490  -62.000448  208.542813  201.065047 -332.453586  -93.570961 -128.185737 -334.054523  322.090350  281.375208
        13   49.649306  202.103254 -157.400322  -80.896566   71.174376   55.985624 -296.095069  -51.155766 -351.628829  -11.203483  417.265844   79.846119  141.910329 -252.096496  126.254750   56.286930
        14 -204.839698   70.035848   14.987358   30.921675  170.816464 -213.952042  431.570607 -393.646130  -94.299064  213.593908 -196.446555  167.176913   42.006530  -15.284211 -216.132268  193.490665
        15 -215.090335   -7.841636  128.798531    7.817672  -62.003351   79.760650   51.731970  -15.095766  -14.245627  242.156753 -495.051974  301.119991   69.583580 -261.850242  400.023564 -209.813779
        16  -51.272640  182.085421 -257.855836  -94.712678  212.112141 -307.380364  171.070879  -23.577131 -172.012580   37.957984  -87.214716  306.771402   72.534578   48.231435  157.602248 -194.340144
        17   17.462235  -22.865524  166.267123  -99.502335  252.171784 -149.339394   44.258705 -186.196619 -150.773644 -152.820834  -67.415941  354.612994  -18.696715  269.211395 -190.873592  -65.499639
        18   93.348803  203.721397  -23.905621 -173.000919 -102.044688  -83.973336   51.899690   78.303977  -39.828520  170.718334  -79.621478  -99.032042   14.295817 -354.423583  110.906443  232.635725
        19  -27.017335   35.562029 -119.161083   76.387801 -189.802695 -258.220172  420.259128  -36.193448   23.109447  209.818893 -301.170351  127.521044  -57.600027   54.671123  103.423109  -61.587464
        20  -91.663636  -97.382680 -138.141063   75.876770   64.625066 -104.955564  100.685911  -18.523540   41.452056  150.366094  -41.951060  -46.516288    2.596073   99.457609   88.478346  -84.404094
        21   34.753943  154.006337  -85.067566  -86.683155 -237.851009   71.284658   68.811833  145.239977  299.756489 -120.119740   41.941593 -212.506209 -113.809295  -38.256927   -1.052130   79.551200
        22   90.107615   59.076265  -62.589287 -103.744466  -14.505076  -41.218720   -3.194950  125.833074  170.799411   76.062108  -80.770241 -141.457547 -264.780825  -93.177474   98.395638  185.164474
        23 -133.496900  -12.446619  -34.815962  162.380605   68.678021   -8.685346 -167.565374  108.314877    0.249100   67.878016  280.500790 -396.786746   14.949985   20.749338  -54.678825   84.775037
        24  -47.811934 -252.268015  130.243039  120.217116   -0.371477   54.233211   30.075625  -16.441969   21.263379  213.414627   61.101500 -272.338875   14.075691   -9.863709 -315.932832  270.404624
        25   -1.553616   23.118632   61.054495  -95.463851   59.116186   88.679580  -98.793736  -43.485917 -172.510210  -40.661898  141.235943  -22.576502   55.787435  -20.115647 -119.601585  185.770693
        26  126.955831 -131.100759 -305.544271  250.528994 -109.636975   43.141136  408.431033 -290.914527 -110.388333  -19.351538  -32.433577  146.068564  104.670448  108.852482   21.246610 -210.525118
        27 -265.919977  110.236569  161.878094    5.406285  -20.329384  -52.819677  127.397005  -52.706623  556.042861 -268.117832    3.220984 -199.446218 -219.426548  294.479461 -382.627965  202.732966
        28 -198.563388   93.375202 -125.154716  280.709854  261.950529 -283.424245  216.679053 -111.426816   31.676477   18.640256    4.199040 -144.647655 -139.847701  117.417537  -14.637380   -6.946046
        29 -408.666311   62.344478   52.201570  249.336181  -42.873971   42.205322  130.536129 -183.858731   55.121297 -189.698330  -41.243284  256.906313  425.360831    8.365943 -152.117482 -263.919957
        30 -304.650278  213.962671  235.901195 -116.271743   92.069401   -5.025284  -29.761845 -134.064858    9.944085  -57.695614 -313.118410  350.246873   71.847383 -111.806980   80.842219   17.581186
        31   67.540447 -102.040281 -173.134244   76.844668   50.961123  -44.263942  215.132428 -182.394817  -40.402480  132.600591 -133.029635   14.694682  -22.185050   -5.211632    6.189221  138.698920
        32   -8.207900   29.737621   31.508820    2.875500 -196.803517  455.777901  -64.060183 -213.829464 -220.733151  -86.156918   74.596910  147.450928  420.218174 -268.867143 -206.868287  103.360708
        33  -33.250109  135.101530  -86.833238  -20.544576  233.616047  -41.625161   50.427256 -111.926680 -174.063559   55.358523   34.448246  -80.565950  -60.819586 -152.196124   16.769310  236.104073
        34    8.988136 -174.654815    9.739786  121.409685 -326.111169   29.516262   37.814941  255.418734  328.729565   23.042187 -166.306036 -170.654143 -147.168089   97.338480   88.540577  -15.644102
        35 -171.004816  438.812561 -115.158193 -288.211108  180.962007 -155.234282   75.120556 -125.606166   82.341844   43.725222 -222.380024   66.102225 -180.600948 -361.852514  383.663559  349.320077
        36 -787.712267  281.881697  429.098260  -11.569603   91.884346 -250.539382  118.547056    5.558967  509.771344  175.794457 -447.254910 -117.064994   38.073116  -56.393301 -109.806101  129.731314
        37  393.051648  -99.469027 -154.446366 -287.119716  -46.554675   -4.057595  396.149910 -194.794168 -323.854402   -5.699784 -194.144614  514.283106  -40.506831   84.680143 -135.482175   97.964546
        38 -132.260932  -87.986319  256.783420  -54.400428 -312.124564   60.184075  180.922442   46.471783 -248.251738   45.038476 -213.162506  328.452523  681.574103   20.870518 -194.034266 -378.076586
        39   60.599060   21.790691  139.653898 -233.106780  -97.440095 -282.050185  205.254072  212.342958   74.957681 -194.500416  -27.475840  177.527665  -50.022940  350.677694 -211.082995 -147.124468
        40  126.237379  -86.241067  143.217791 -195.120396  341.048835    7.401801  -49.260031 -403.272822 -124.962162 -233.487242  148.300193  316.498346 -234.335198  188.076906 -272.169962  328.067627
        41  -56.601807  161.588113  -35.527491   38.530039  -28.263322  -17.168963 -129.562160   50.744843 -117.546946  -16.927206  156.656609  -52.094465   88.694624 -100.694089   43.992967   14.179254
        42  -55.099423 -116.385745  -21.502978   79.270693 -143.253547   42.717152  357.994122 -230.659870  117.494152  149.436279 -356.966096  125.595590   32.791738   40.328538  -33.572878   11.812273
        43  -62.606810    6.245286  186.700279 -178.405835 -127.283552 -132.958292  204.973027  171.365041   95.987911  146.804060 -296.233684   -0.606117   37.014754   14.239348 -279.079821  213.844404
        44   52.127279   -3.746086 -119.330732   14.061842   82.618904 -169.570475  115.198291    6.083682 -248.351062  110.312453 -164.149647  118.548058  252.614661  -63.819745  224.418200 -207.015623
        45  110.859145   79.588356 -212.539255  161.101536  144.817959 -370.200277  225.718130 -127.159665 -153.533927  299.780379   -5.655129  -84.455213  -35.556077  -13.227244  -36.036399   16.497679
        46  248.524337   51.108418    7.193678 -240.239333  -55.828846 -188.949344  -78.312339  319.031744    3.002070   39.414123 -198.476771  127.547926 -113.302718   -4.313439  164.311034  -80.710540
        47  392.142472  -58.528041 -338.935174   87.715585 -162.078724 -147.373333  -89.308451  296.020266 -465.438173  410.113477   82.310712 -132.270414  100.693444 -190.622842  334.383810 -118.824614
        48 -350.879393  255.500593 -165.998517  126.696336  -72.483942 -135.843591  668.573480 -446.656686  385.892690 -150.849851 -295.014665   48.422724   10.663577  -34.850472  -78.098667  234.926385
        49 -298.738100  467.953047    2.173427 -198.195443  150.397749 -307.951587  305.049354 -213.538837  192.299304   86.740192 -161.965661   12.387796  -35.770582 -313.933254 -159.670425  472.763019
        50 -104.417522  254.452412 -261.061691  119.215172 -201.619431 -231.149808  632.916158 -267.338520  129.775795 -184.041989 -138.449883  178.302772  116.368755  192.049126 -148.373247  -86.628098
        51  422.226374 -396.559943 -135.354119   49.795283 -211.994850  271.205620   63.630631  -91.531660 -111.282602  153.254479 -233.457409  276.516868 -167.432273   74.495590  262.136724 -225.648716
        52    4.243406   46.242605  -73.816694  -45.152667   49.181520 -209.904101   53.297777  209.820551 -201.767614  -40.335960   50.193063  148.866339  128.484977  122.143370   29.375256 -270.871828
        53 -481.517626  401.425027   31.761918   28.472970   42.626857 -123.907392 -163.885353  163.311801  432.390478 -412.719637  186.399245 -147.020684   34.932368  109.106833   15.688812 -117.065617
        54  394.236872 -108.907769  -33.963033 -222.933993 -134.395799 -145.597025  206.228975   47.668681   40.509795   54.099612   61.094249  -85.739035 -171.403649   45.207185  -97.283760  151.178693
        55   32.166744  137.092105  -23.161709  -17.149921  -30.404947 -173.692722  107.388335  -58.488662  142.425111 -154.741828   43.600367  104.792781  -81.589113   75.202188 -191.874213   88.435483
        56 -122.873386 -122.018461  398.467764  -90.978123  -39.272535   89.551307  108.938151 -275.357179  -52.350408  120.885800 -509.278675  376.696064  127.701572  -31.068974   42.172036  -21.214951
        57  -51.756018 -156.181085   48.050620   73.091726  -24.616865   25.416063   29.191912   27.358561    2.651883  258.710533   30.040029 -251.103169   76.601450  -73.240051 -171.155640  156.940051
        58  -72.059189  106.595272   25.684370  -57.340002  -50.091424   22.364169 -210.172022  292.604736   74.620277  214.283271  -53.823797 -298.952830   72.194444 -290.208840  156.542785   67.758779
        59  -69.284622 -135.087706  200.238128   28.798308  162.128032  150.072752 -333.960375   74.793464  -11.368903  -23.307269  -41.507611   -5.584882  -85.305421   76.620845   72.144076  -59.388816
        60  -81.742081   40.112099 -155.879214  193.678282  128.245586   31.567525   96.242396 -187.756884   65.754550  -28.448242  -23.618042 -116.774049   18.481328  -16.158654   85.544642  -49.249243
        61 -213.652799  339.805630  176.867694 -172.281140   23.265532  -32.017032   52.649153  -16.824925  114.522088  -22.182152  -65.604539  -24.445615  -15.756218 -265.748354 -124.117970  245.520648
        62   13.485588   -8.060236  173.178473 -270.225222  -31.452091  -87.631100  189.244067  -50.302784   61.649926  194.398473   46.845438 -263.099500  -55.121333  -86.658310 -556.841099  730.589710
        63   17.191236 -137.322644  -93.784345  202.477843  164.122999 -231.319176   39.401468   39.843535 -153.382991  317.707369  -87.262112 -224.635386 -150.278842   84.056942  198.273495   14.910610
        64  -48.933310   33.615910 -239.945894  132.915696  319.457488  -49.520782   73.123621 -309.937836 -122.476034  187.852637  197.277228 -206.025326 -314.560869  -64.462506   -1.210722  412.830698
        65 -205.377907   90.252899   18.411371  -69.799089  -23.655328 -163.190093  258.342194   35.988485  224.176121   96.310104  -56.439323 -234.802668   -9.256105   48.134307 -296.952201  287.857232
        66  189.517015  -77.895140 -164.348099   38.613005  -81.036769    6.604057   27.867421  118.072508    7.984447   23.911741  -18.583783  -89.950363   58.140149   -7.076236   84.669721 -116.489674
        67   52.966895  -51.433118   14.850410  158.220656  295.985001 -151.594582  -47.566759 -151.279237 -351.927093  324.089223  -60.620210   18.063340  -69.651717   49.638247   33.118223  -62.859278
        68 -336.566188   16.900076  460.001035 -212.961837  422.080777 -112.721357 -110.920459  -27.739192   -2.997429    5.800358    4.567041  -67.588306  -84.484664    1.890228 -253.419506  298.159423
        69 -299.078393  193.187109 -125.013113  228.936894  212.220513 -310.136233 -150.435506  160.220530  343.473100  202.622556 -380.843266  -65.024279 -352.545069 -126.353946  567.048354  -98.279250
        70 -125.550687  294.294223 -571.490981  306.817596 -347.565309 -312.647250  538.086744   81.445301  410.566197   -0.300944 -186.028658 -313.480127  -12.090866  -44.139045  234.028222   48.055583
        71 -410.808649  834.087912 -210.715543 -287.204385 -148.297721 -676.935507  613.714529  148.725684  290.779229   -0.403228   48.549507 -324.330182  268.724855 -317.224894 -403.864838  575.203230
        72 -523.642040  333.356206 -276.519347  467.202896 -251.334007 -398.749830  988.969387 -499.361267  -33.348686  121.564414 -232.558431  192.026357  716.761204   23.748655 -484.160514 -143.954996
        73 -282.663368  485.257086 -259.147368  -35.009880  352.249416 -239.280596  139.332901 -172.382276 -272.589526   22.219149 -396.524604  642.626075  159.258221 -239.722970  461.054642 -364.676903
        74 -522.137438   41.078669 -138.152376  575.465887  408.110223 -284.882491  311.664788 -406.419851  -47.005049 -268.926368  257.384414    3.262575  233.844353  387.914848 -349.550764 -201.651420
        75  -36.726507   37.636823 -158.242492  230.144264  644.109832 -349.162661 -215.457848 -204.304665 -327.096170  107.481782  403.134302 -102.173852 -286.727059   77.720418  -25.084624  204.748456
        76  330.887312  -27.721154   47.411168 -357.017230   89.783537   61.182316   33.853082 -311.142573  -96.050580  138.428431 -214.158157  176.129644 -313.248600 -339.422251  284.381356  496.703698
        77   24.195093  -39.043389 -115.961976  142.181941 -279.053504    8.884083  211.192826 -108.556062 -184.730735  394.005870 -103.806886   46.019201  294.822963 -324.908854 -130.657775  165.417206
        78 -324.801881  232.427241  119.760030 -172.151572 -245.804095 -338.679994   13.561204  609.860594  495.900722 -126.224697   82.169803 -591.079640   86.095398  199.038463  -35.329870   -4.741705
        79  194.852095 -139.581526  -29.653603  -14.226823  -91.768323  147.169618   19.744533 -108.584815   45.170069  228.370860 -108.069496   14.689732 -218.648992 -353.102918  241.453534  172.186054
        80  -56.302125 -357.384539   23.908504  319.383010 -457.549341  266.438939   98.021459  -24.055023  250.019863    4.755508   -1.711504 -129.588900  104.581830  160.142990  -73.986664 -126.674008
        81   20.237135  113.703361  -11.660634 -281.529634  -71.934817  -72.330340 -146.043751  364.261806   52.830825   41.091290  -14.538092  -33.152228  -36.054055  -14.607858  170.084961  -80.357968
        82 -197.429546  137.342131  -29.622171   54.788674  164.804314 -186.346145  -93.364940  182.763224   25.463684  158.944492   11.071599 -197.637291  -34.390390 -217.706113   27.689352  193.629126
        83  196.858158  215.885526 -384.491367  -69.804255   18.245580 -296.584003  323.236589 -152.663801   18.021633   69.943613  -77.910543  -94.280862 -349.910485 -114.286061  399.175312  298.564966
        84  -78.546806  -71.061740   -0.122531   32.945963  163.804630  -68.242456 -280.857670   60.254572  -83.347703  103.606717  463.056912 -223.305936  -32.586788  -28.183048  -98.727064  141.312949
        85  124.845992   35.462223 -109.378791  -81.606091   91.469325  221.381441  225.455293 -602.186585 -253.449215  -66.927959  260.550697  143.176123  279.321363  -90.140074 -440.624688  262.650946