       pos      val_A      val_C      val_G      val_T
         0  -0.000156  -0.015901  -0.017182   0.033239
         1  -0.021984   0.034707  -0.022052   0.009329
         2  -0.042256  -0.024660   0.104575  -0.037660
         3  -0.020159   0.019007   0.001578  -0.000426
         4  -0.031265   0.010421   0.066236  -0.045392
         5   0.024979  -0.030777  -0.033921   0.039718
         6  -0.024009  -0.001521   0.047195  -0.021665
         7   0.024421  -0.005419  -0.002159  -0.016842
         8  -0.022785   0.056761  -0.021340  -0.012636
         9   0.034350  -0.025732   0.029835  -0.038453
        10  -0.030963   0.027801  -0.033643   0.036804
        11  -0.016212  -0.015615  -0.036139   0.067966
        12  -0.047499  -0.015213   0.046219   0.016494
        13   0.069725  -0.031394  -0.011630  -0.026702
        14  -0.021257   0.094350  -0.031021  -0.042072
        15   0.010493  -0.032003   0.114574  -0.093064
        16  -0.031364   0.006025  -0.047909   0.073247
        17   0.027360   0.022792  -0.015255  -0.034897
        18   0.054079  -0.023494  -0.007986  -0.022599
        19   0.011660  -0.030092   0.030278  -0.011846
        20  -0.048627   0.033163  -0.016960   0.032424
        21   0.011486   0.009017   0.004289  -0.024792
        22  -0.012966   0.001128   0.017681  -0.005842
        23   0.018046  -0.001823  -0.014855  -0.001367
        24  -0.008239   0.007445  -0.012964   0.013758
        25  -0.000536  -0.006738  -0.001982   0.009255
        26   0.009793  -0.003442  -0.015501   0.009151
        27   0.000194  -0.007677  -0.005752   0.013234
        28  -0.007413   0.000697  -0.002672   0.009388
        29  -0.015051   0.011474  -0.001394   0.004971
        30   0.024970  -0.011440  -0.001665  -0.011865
        31  -0.007085   0.021788  -0.021292   0.006589
        32   0.020338  -0.039464   0.022655  -0.003530
        33  -0.017164   0.027792  -0.025360   0.014731
        34  -0.026285  -0.014733  -0.020149   0.061167
        35   0.075867  -0.012449  -0.031989  -0.031430
        36   0.036320  -0.045099   0.010752  -0.001973
        37  -0.026349   0.070214  -0.030843  -0.013021
        38  -0.013507  -0.012756   0.086840  -0.060577
        39  -0.028500  -0.038507  -0.026086   0.093093
        40   0.005756   0.077358  -0.024302  -0.058812
        41   0.093069  -0.014340  -0.040243  -0.038486
        42  -0.046753   0.004810   0.017659   0.024284
        43  -0.003947   0.013543  -0.004010  -0.005586
        44  -0.008697   0.012826  -0.004731   0.000602
        45   0.010729  -0.014335   0.029785  -0.026179
        46  -0.023002   0.044669   0.001165  -0.022832
        47  -0.044238  -0.026656  -0.036690   0.107584
        48  -0.065617  -0.055425   0.107927   0.013115
        49   0.126684  -0.091463   0.012130  -0.047351
        50  -0.068508   0.142392  -0.033889  -0.039995
        51  -0.054477  -0.029061   0.161998  -0.078460
        52  -0.022521   0.007008  -0.050303   0.065815
        53   0.027560   0.025773   0.004228  -0.057561
        54  -0.016701  -0.011949  -0.015425   0.044075
        55  -0.001733  -0.039032   0.037625   0.003140
        56  -0.025928  -0.002917  -0.014636   0.043481
        57  -0.012622   0.001597   0.013255  -0.002231
        58   0.002755  -0.012095  -0.010601   0.019940
        59  -0.016286   0.046902  -0.022094  -0.008521
        60   0.005266   0.017886  -0.034995   0.011843
        61  -0.004222   0.017620   0.002285  -0.015684
        62  -0.020674  -0.008511   0.034527  -0.005343
        63  -0.014332  -0.031678   0.034563   0.011447
        64  -0.004986  -0.039846   0.044053   0.000779
        65   0.014183  -0.010132   0.020446  -0.024497
        66   0.023266  -0.033423   0.009167   0.000991
        67   0.060287  -0.054214  -0.011537   0.005464
        68  -0.042896   0.033058  -0.050435   0.060273
        69  -0.043695  -0.030488  -0.064035   0.138218
        70  -0.096332  -0.072524   0.133079   0.035776
        71   0.195812  -0.103115  -0.023451  -0.069246
        72  -0.142907   0.272886  -0.070963  -0.059016
        73  -0.062640  -0.070641   0.268657  -0.135376
        74  -0.072849  -0.022663  -0.101366   0.196877
        75   0.037826   0.123970  -0.082019  -0.079777
        76   0.161207  -0.058745  -0.061718  -0.040744
        77   0.074223  -0.083934   0.036012  -0.026301
        78  -0.010498  -0.016126  -0.058264   0.084887
        79  -0.012193   0.011506   0.012598  -0.011911
        80  -0.016003   0.009329   0.008610  -0.001935
        81  -0.000298   0.000738   0.009067  -0.009507
        82  -0.009971   0.015350   0.001953  -0.007333
        83  -0.015973   0.002028  -0.017305   0.031250
        84  -0.039461   0.006789   0.058110  -0.025438
        85  -0.011942   0.016101   0.007128  -0.011286
        86   0.014274   0.009660  -0.011808  -0.012125
