       pos      val_A      val_C      val_G      val_T
         0  -0.333709  -0.729346  -0.665060   1.728116
         1  -0.745918   0.350977  -1.061849   1.456790
         2  -1.011114  -0.579694   1.786991  -0.196183
         3  -0.663501   0.211712  -0.024643   0.476432
         4  -1.042375   0.020864   1.167829  -0.146318
         5   0.347436  -0.748795  -0.933921   1.335281
         6  -1.089521  -0.087969   0.864743   0.312747
         7   0.122004   0.218522  -0.563560   0.223034
         8  -0.647211   1.067532  -0.632605   0.212284
         9   0.443481  -0.849872   0.612696  -0.206306
        10  -0.839665   0.403281  -0.730813   1.167197
        11  -0.537042  -0.183650  -0.920234   1.640926
        12  -1.485599  -0.817948   0.969804   1.333744
        13   1.166572  -0.740387  -0.502663   0.076478
        14  -0.562941   1.631295  -1.041239  -0.027115
        15  -0.175210  -0.920986   2.142602  -1.046406
        16  -0.632823   0.146767  -1.152958   1.639014
        17   0.139324   0.398920  -0.483615  -0.054628
        18   0.957220  -0.864597  -0.661086   0.568464
        19   0.006711  -0.783612   0.582049   0.194852
        20  -1.261683   0.550374  -0.540938   1.252247
        21  -0.053597   0.088661   0.444518  -0.479582
        22  -0.326407  -0.185520   0.272218   0.239710
        23   0.075825  -0.065322  -0.404363   0.393859
        24  -0.348156   0.131153  -0.583857   0.800860
        25  -0.206849  -0.323132  -0.115255   0.645236
        26  -0.080028  -0.164858  -0.466926   0.711812
        27  -0.401264  -0.601020  -0.301066   1.303350
        28  -0.143054  -0.033397  -0.076764   0.253215
        29  -0.586820   0.085277  -0.265692   0.767234
        30   0.275185  -0.436176  -0.190559   0.351550
        31  -0.390095   0.227793  -0.752850   0.915151
        32   0.186752  -1.067626   0.155804   0.725069
        33  -0.268997   0.747512  -0.769250   0.290735
        34  -0.765535  -0.378548  -0.525633   1.669716
        35   1.597578  -0.677680  -0.758912  -0.160986
        36   0.406663  -1.120868   0.172023   0.542183
        37  -1.262127   1.142307  -0.324611   0.444431
        38  -0.751568  -0.370087   1.452309  -0.330655
        39  -0.532058  -0.536287  -0.873556   1.941900
        40  -0.077321   1.267851  -0.830051  -0.360479
        41   1.523138  -0.712328  -0.875286   0.064476
        42  -1.057197  -0.020790   0.491544   0.586444
        43  -0.411037   0.028293  -0.289802   0.672546
        44  -0.548826   0.036572  -0.129744   0.641998
        45   0.387643  -0.611031   0.715702  -0.492314
        46  -0.792529   0.704132  -0.163616   0.252013
        47  -0.732046  -0.550440  -0.881195   2.163681
        48  -1.860802  -1.082473   1.928749   1.014526
        49   2.185545  -2.119626   0.026162  -0.092081
        50  -2.193411   2.576181  -0.688891   0.306120
        51  -1.143800  -1.135674   2.905444  -0.625971
        52  -0.609981   0.198569  -1.009551   1.420963
        53   0.220689   0.146238  -0.316402  -0.050524
        54  -0.300161  -0.319409  -0.176637   0.796207
        55  -0.035764  -0.851134   0.722320   0.164579
        56  -0.248944  -0.286841  -0.379698   0.915482
        57  -0.642503  -0.150994   0.112903   0.680594
        58  -0.264709  -0.517593  -0.566938   1.349240
        59  -0.488848   0.783523  -0.615896   0.321221
        60  -0.253701   0.170873  -0.922062   1.004891
        61  -0.461997   0.216746  -0.237946   0.483197
        62  -0.692730  -0.335770   0.704198   0.324301
        63  -0.504114  -0.876522   0.742074   0.638562
        64  -0.488034  -1.092052   0.822332   0.757754
        65  -0.020094  -0.368267   0.267305   0.121056
        66  -0.077378  -0.827842   0.113710   0.791511
        67   1.030165  -1.119867  -0.583629   0.673331
        68  -1.174949   0.823844  -0.761216   1.112321
        69  -0.621847  -0.769674  -1.384006   2.775527
        70  -2.395030  -1.736821   2.425974   1.705877
        71   3.312878  -2.585961  -0.545853  -0.181064
        72  -2.408841   4.508369  -1.375012  -0.724517
        73  -1.775146  -1.747411   4.795763  -1.273206
        74  -0.809600  -0.458101  -2.410334   3.678035
        75   0.630986   2.138739  -2.169984  -0.599741
        76   2.808311  -1.479337  -1.470769   0.141795
        77   1.199605  -1.833856   0.552656   0.081595
        78  -0.413446  -0.115381  -1.119071   1.647898
        79  -0.322365  -0.049376   0.059314   0.312427
        80  -0.666826  -0.033834   0.073116   0.627544
        81  -0.354653  -0.019475   0.046901   0.327227
        82  -0.352065   0.120451  -0.314755   0.546369
        83  -0.319728  -0.348272  -0.671191   1.339192
        84  -0.956427  -0.112193   0.883678   0.184941
        85  -0.608161  -0.188471  -0.021480   0.818112
        86   0.174645  -0.158838  -0.584751   0.568945
