       pos      val_A      val_C      val_G      val_T
         0   0.027900   0.000000   0.029800   0.094400
         1   0.038000   0.101000   0.000000   0.034700
         2   0.000000   0.025300   0.381000   0.062400
         3   0.060300   0.096700   0.098700   0.000000
         4   0.017700   0.037800   0.122000   0.000000
         5   0.015200   0.001430   0.000000   0.068800
         6   0.000000   0.020500   0.061400   0.032600
         7   0.050000   0.000000   0.014700   0.041000
         8   0.124000   0.000000   0.041700   0.004770
         9   0.102000   0.000000   0.078000   0.039700
        10   0.112000   0.003970   0.024000   0.000000
        11   0.040900   0.057500   0.000000   0.237000
        12   0.000000   0.037100   0.202000   0.146000
        13   0.173000   0.001060   0.000000   0.003140
        14   0.018700   0.205000   0.000000   0.006290
        15   0.046300   0.037900   0.241000   0.000000
        16   0.017400   0.045700   0.000000   0.214000
        17   0.138000   0.161000   0.032300   0.000000
        18   0.146000   0.000000   0.032200   0.024700
        19   0.000000   0.073900   0.049000   0.125000
        20   0.000000   0.089900   0.002990   0.048300
        21   0.022700   0.048100   0.000000   0.026500
        22   0.000000   0.049800   0.009590   0.030000
        23   0.017300   0.000000   0.009350   0.005490
        24   0.015100   0.012100   0.000000   0.037500
        25   0.000000   0.018400   0.055900   0.039400
        26   0.013300   0.018400   0.000000   0.020900
        27   0.017700   0.027200   0.000000   0.046000
        28   0.024200   0.000000   0.105000   0.037700
        29   0.023300   0.052200   0.000000   0.061200
        30   0.073400   0.023000   0.000000   0.020800
        31   0.083400   0.023000   0.000000   0.040700
        32   0.012200   0.000000   0.058600   0.005350
        33   0.006810   0.030100   0.000000   0.001390
        34   0.014100   0.024200   0.014000   0.000000
        35   0.156000   0.000000   0.039200   0.030000
        36   0.009190   0.000000   0.053100   0.048300
        37   0.013000   0.058400   0.061400   0.000000
        38   0.000000   0.055100   0.035800   0.001970
        39   0.013700   0.120000   0.029100   0.000000
        40   0.022400   0.032100   0.002510   0.000000
        41   0.013000   0.048000   0.000000   0.025700
        42   0.000000   0.053000   0.054600   0.045300
        43   0.014400   0.046000   0.029300   0.000000
        44   0.013300   0.010000   0.000000   0.031100
        45   0.027400   0.014600   0.066200   0.000000
        46   0.035500   0.062400   0.074200   0.000000
        47   0.000000   0.081000   0.008630   0.039600
        48   0.000000   0.031700   0.067900   0.052200
        49   0.028900   0.000000   0.074800   0.002420
        50   0.006240   0.086300   0.038800   0.000000
        51   0.000000   0.039700   0.105000   0.026500
        52   0.045200   0.038000   0.000000   0.025000
        53   0.019400   0.000000   0.034000   0.005880
        54   0.024400   0.000000   0.017400   0.029700
        55   0.000000   0.013800   0.005190   0.018700
        56   0.000000   0.006330   0.003280   0.017800
        57   0.001150   0.021400   0.000000   0.012200
        58   0.025800   0.091200   0.000000   0.040600
        59   0.007060   0.015300   0.008190   0.000000
        60   0.011700   0.017500   0.009830   0.000000
        61   0.006670   0.027500   0.027100   0.000000
        62   0.000000   0.040500   0.146000   0.034900
        63   0.044100   0.000000   0.089400   0.018200
        64   0.034800   0.000000   0.273000   0.062100
        65   0.066800   0.008160   0.076700   0.000000
        66   0.036400   0.000000   0.062200   0.021500
        67   0.010000   0.013100   0.046200   0.000000
        68   0.010900   0.068400   0.027800   0.000000
        69   0.010800   0.000000   0.041700   0.041700
        70   0.000000   0.043300   0.024900   0.038400
        71   0.000986   0.021600   0.023300   0.000000
        72   0.030900   0.065700   0.075300   0.000000
        73   0.000000   0.057000   0.063900   0.053100
        74   0.000000   0.018900   0.013600   0.009310
        75   0.031600   0.012600   0.000000   0.013100
        76   0.014900   0.014200   0.015700   0.000000
        77   0.000000   0.025200   0.086100   0.055300
        78   0.000000   0.032800   0.006010   0.007990
        79   0.014600   0.030000   0.000000   0.010200
        80   0.000000   0.056600   0.011400   0.023800
        81   0.000000   0.005740   0.021100   0.013800
        82   0.000000   0.013900   0.017900   0.014200
        83   0.002700   0.010600   0.000000   0.007770
        84   0.000000   0.018100   0.106000   0.001460
        85   0.002310   0.018500   0.031700   0.000000
        86   0.099400   0.116000   0.119000   0.000000
