       pos      val_A      val_C      val_G      val_T
         0   0.065039   0.137064  -0.232592   0.030489
         1  -0.193466  -0.457126  -0.323988   0.974581
         2   0.183477  -0.074285  -0.428623   0.319431
         3  -0.060082   0.556072   0.021329  -0.517319
         4   1.027584   0.009168  -0.417289  -0.619463
         5   1.375167  -0.938218  -0.002060  -0.434889
         6   0.189330  -0.620668   0.794102  -0.362764
         7  -0.063844  -0.018266   0.248930  -0.166820
         8  -0.500257   0.670718   0.032175  -0.202635
         9  -0.001783   0.085057  -0.172150   0.088875
        10  -0.128134   0.162281  -0.114650   0.080503
        11   0.164453  -0.088679   0.038449  -0.114223
        12  -0.278360   0.222761  -0.039544   0.095143
        13   0.162506   0.009391  -0.080436  -0.091461
        14  -0.552769   0.179494  -0.093924   0.467200
        15   0.060307  -0.168003  -0.074826   0.182522
        16   0.035334   0.072084  -0.003663  -0.103755
        17   0.008959  -0.013821   0.127016  -0.122155
        18  -0.011805   0.058157   0.063107  -0.109459
        19   0.040455   0.083274  -0.029906  -0.093823
        20  -0.078624   0.122572   0.158688  -0.202635
        21   0.271549   0.118088   0.142463  -0.532100
        22  -0.562820   0.281839  -0.247873   0.528853
        23  -0.069957   0.313121  -0.367130   0.123967
        24  -0.044502   0.896269  -0.861053   0.009286
        25   0.340786   0.117912  -0.250307  -0.208390
        26  -0.539607   0.307949   1.698717  -1.467059
        27  -2.847770   1.225432   0.784016   0.838322
        28  -0.363450   0.457104   0.478569  -0.572223
        29  -0.839479   0.104833   0.341114   0.393533
        30  -0.735897  -0.282308   0.488480   0.529725
        31   0.455756  -0.102627   0.258051  -0.611180
        32  -0.228688   0.326061   0.041285  -0.138659
        33  -0.270411   0.160947   0.302179  -0.192715
