       pos      val_A      val_C      val_G      val_T
         0   0.065041   0.137062  -0.232593   0.030490
         1  -0.193467  -0.457127  -0.323986   0.974581
         2   0.183479  -0.074285  -0.428624   0.319430
         3  -0.060083   0.556071   0.021330  -0.517319
         4   1.027583   0.009169  -0.417289  -0.619463
         5   1.375167  -0.938219  -0.002061  -0.434887
         6   0.189328  -0.620668   0.794103  -0.362763
         7  -0.063843  -0.018267   0.248930  -0.166820
         8  -0.500255   0.670715   0.032175  -0.202634
         9  -0.001783   0.085057  -0.172149   0.088876
        10  -0.128134   0.162280  -0.114649   0.080502
        11   0.164452  -0.088679   0.038450  -0.114222
        12  -0.278360   0.222763  -0.039545   0.095142
        13   0.162507   0.009391  -0.080437  -0.091460
        14  -0.552769   0.179493  -0.093925   0.467201
        15   0.060309  -0.168003  -0.074826   0.182521
        16   0.035334   0.072086  -0.003664  -0.103755
        17   0.008960  -0.013821   0.127017  -0.122155
        18  -0.011803   0.058155   0.063105  -0.109458
        19   0.040454   0.083276  -0.029906  -0.093823
        20  -0.078623   0.122571   0.158687  -0.202635
        21   0.271547   0.118089   0.142463  -0.532099
        22  -0.562820   0.281840  -0.247872   0.528852
        23  -0.069958   0.313121  -0.367131   0.123968
        24  -0.044503   0.896269  -0.861054   0.009288
        25   0.340784   0.117914  -0.250308  -0.208390
        26  -0.539607   0.307951   1.698716  -1.467059
        27  -2.847770   1.225431   0.784015   0.838324
        28  -0.363450   0.457105   0.478567  -0.572222
        29  -0.839479   0.104831   0.341115   0.393534
        30  -0.735896  -0.282308   0.488479   0.529725
        31   0.455755  -0.102626   0.258053  -0.611181
        32  -0.228688   0.326062   0.041286  -0.138660
        33  -0.270409   0.160945   0.302178  -0.192714