       pos      val_A      val_C      val_G      val_T
         0   0.065110   0.136690  -0.232467   0.030666
         1  -0.193010  -0.457760  -0.323696   0.974465
         2   0.183272  -0.074299  -0.428703   0.319730
         3  -0.059596   0.555320   0.020966  -0.516690
         4   1.027647   0.008476  -0.416847  -0.619277
         5   1.375309  -0.938556  -0.002097  -0.434656
         6   0.189767  -0.621131   0.793850  -0.362486
         7  -0.063677  -0.017963   0.248574  -0.166933
         8  -0.500438   0.671069   0.032103  -0.202734
         9  -0.002137   0.084858  -0.171616   0.088895
        10  -0.128550   0.162169  -0.114277   0.080658
        11   0.164040  -0.088800   0.038720  -0.113959
        12  -0.278139   0.222632  -0.039188   0.094695
        13   0.161852   0.009099  -0.079899  -0.091052
        14  -0.552605   0.179755  -0.093977   0.466827
        15   0.060169  -0.168054  -0.074214   0.182099
        16   0.035220   0.071950  -0.003526  -0.103644
        17   0.009410  -0.013666   0.126221  -0.121966
        18  -0.011756   0.058399   0.063569  -0.110212
        19   0.040167   0.083146  -0.030071  -0.093242
        20  -0.079127   0.122232   0.158942  -0.202047
        21   0.272324   0.117363   0.142509  -0.532196
        22  -0.562889   0.281738  -0.247540   0.528690
        23  -0.070211   0.312724  -0.366847   0.124334
        24  -0.044332   0.896276  -0.861284   0.009340
        25   0.340636   0.118925  -0.250832  -0.208730
        26  -0.539266   0.307068   1.699537  -1.467339
        27  -2.847149   1.224436   0.783390   0.839324
        28  -0.363500   0.457166   0.478362  -0.572029
        29  -0.839394   0.104288   0.341022   0.394084
        30  -0.735511  -0.282560   0.488208   0.529862
        31   0.455208  -0.101975   0.258073  -0.611305
        32  -0.228664   0.326071   0.041369  -0.138776
        33  -0.269554   0.160772   0.301766  -0.192984