       pos      val_A      val_C      val_G      val_T
         0   0.027839   0.098969  -0.155134   0.028326
         1  -0.116402  -0.174463  -0.153543   0.444408
         2   0.086609  -0.118467  -0.231783   0.263642
         3  -0.114808   0.472383   0.015164  -0.372739
         4   0.449732  -0.093688  -0.162473  -0.193571
         5   0.476710  -0.206490  -0.103578  -0.166643
         6   0.146763  -0.358610   0.520989  -0.309142
         7   0.006493  -0.072327   0.200497  -0.134663
         8  -0.193708   0.360528  -0.050609  -0.116211
         9  -0.001382   0.043677  -0.081030   0.038735
        10  -0.097286   0.110246  -0.065177   0.052216
        11   0.079584  -0.046715   0.041094  -0.073964
        12  -0.185223   0.159509  -0.027749   0.053462
        13   0.102495   0.009712  -0.039858  -0.072348
        14  -0.351809   0.104073  -0.043204   0.290940
        15   0.047484  -0.094465  -0.057049   0.104031
        16  -0.005261   0.062354   0.019767  -0.076860
        17  -0.013331  -0.021538   0.111495  -0.076626
        18   0.008392   0.018928   0.042096  -0.069416
        19   0.013167   0.048329  -0.000365  -0.061131
        20  -0.041173   0.073064   0.119497  -0.151388
        21   0.156018   0.090648   0.077657  -0.324322
        22  -0.309307   0.155972  -0.186885   0.340221
        23  -0.097763   0.210915  -0.248327   0.135174
        24  -0.107863   0.411668  -0.233260  -0.070546
        25   0.207010   0.055848  -0.174842  -0.088017
        26  -0.299636   0.125000   1.174917  -1.000280
        27  -1.995429   1.019668   0.444476   0.531285
        28  -0.193256   0.232607   0.284052  -0.323404
        29  -0.384362   0.009430   0.160664   0.214268
        30  -0.288736  -0.204789   0.242252   0.251274
        31   0.273236  -0.042862   0.134494  -0.364868
        32  -0.144258   0.208972   0.020139  -0.084853
        33  -0.199455   0.082060   0.239236  -0.121840