       pos      val_A      val_C      val_G      val_T
         0   0.027726   0.099349  -0.155249   0.028173
         1  -0.116557  -0.174428  -0.153300   0.444285
         2   0.086499  -0.118600  -0.231685   0.263786
         3  -0.114697   0.472622   0.014877  -0.372802
         4   0.449773  -0.093415  -0.162464  -0.193893
         5   0.476524  -0.206099  -0.103654  -0.166772
         6   0.146695  -0.358581   0.521035  -0.309148
         7   0.006824  -0.072423   0.200286  -0.134687
         8  -0.193945   0.360670  -0.050570  -0.116155
         9  -0.001257   0.043984  -0.081433   0.038705
        10  -0.097428   0.110417  -0.065204   0.052215
        11   0.079699  -0.046592   0.040973  -0.074080
        12  -0.185375   0.159650  -0.027576   0.053301
        13   0.102371   0.009465  -0.039474  -0.072361
        14  -0.351862   0.104335  -0.043177   0.290703
        15   0.047209  -0.094634  -0.056985   0.104410
        16  -0.005537   0.062302   0.020101  -0.076866
        17  -0.012791  -0.021699   0.111160  -0.076670
        18   0.008552   0.018864   0.041739  -0.069154
        19   0.012953   0.048299  -0.000550  -0.060702
        20  -0.041138   0.073049   0.119657  -0.151569
        21   0.156258   0.090371   0.077608  -0.324236
        22  -0.309638   0.156079  -0.186790   0.340349
        23  -0.097933   0.210924  -0.248182   0.135191
        24  -0.107769   0.411735  -0.233167  -0.070798
        25   0.207132   0.056067  -0.174986  -0.088213
        26  -0.300025   0.125256   1.175264  -1.000494
        27  -1.995329   1.019683   0.443818   0.531828
        28  -0.192994   0.232559   0.283915  -0.323480
        29  -0.384376   0.009406   0.160676   0.214294
        30  -0.288694  -0.205138   0.242595   0.251237
        31   0.273389  -0.042451   0.133839  -0.364777
        32  -0.144227   0.208983   0.019918  -0.084674
        33  -0.199285   0.082071   0.239260  -0.122046