       pos      val_A      val_C      val_G      val_T
         0   0.027727   0.099347  -0.155249   0.028174
         1  -0.116557  -0.174428  -0.153299   0.444285
         2   0.086497  -0.118598  -0.231685   0.263785
         3  -0.114698   0.472621   0.014877  -0.372800
         4   0.449772  -0.093414  -0.162465  -0.193893
         5   0.476526  -0.206101  -0.103653  -0.166772
         6   0.146696  -0.358581   0.521034  -0.309149
         7   0.006825  -0.072425   0.200287  -0.134687
         8  -0.193945   0.360670  -0.050569  -0.116156
         9  -0.001257   0.043983  -0.081433   0.038707
        10  -0.097429   0.110417  -0.065204   0.052216
        11   0.079700  -0.046590   0.040971  -0.074081
        12  -0.185375   0.159652  -0.027577   0.053300
        13   0.102369   0.009464  -0.039474  -0.072359
        14  -0.351862   0.104335  -0.043179   0.290705
        15   0.047208  -0.094632  -0.056984   0.104408
        16  -0.005537   0.062301   0.020101  -0.076865
        17  -0.012792  -0.021698   0.111159  -0.076669
        18   0.008553   0.018862   0.041740  -0.069155
        19   0.012952   0.048299  -0.000550  -0.060702
        20  -0.041137   0.073048   0.119658  -0.151568
        21   0.156259   0.090370   0.077607  -0.324235
        22  -0.309637   0.156081  -0.186791   0.340348
        23  -0.097935   0.210925  -0.248183   0.135193
        24  -0.107769   0.411735  -0.233167  -0.070800
        25   0.207134   0.056068  -0.174987  -0.088214
        26  -0.300026   0.125257   1.175263  -1.000494
        27  -1.995329   1.019682   0.443818   0.531828
        28  -0.192993   0.232556   0.283916  -0.323480
        29  -0.384376   0.009406   0.160675   0.214295
        30  -0.288694  -0.205138   0.242597   0.251235
        31   0.273391  -0.042450   0.133836  -0.364777
        32  -0.144228   0.208982   0.019919  -0.084673
        33  -0.199286   0.082072   0.239260  -0.122045
